prepro/dem
north:     0
south:           0.00000000
east:      0
west:            0.00000000
rows:    246
cols:    130
[rows 76 to 94 of 246, columns 43 to 85 of 130]
0.215606005859E+04 0.215262109375E+04 0.215119091797E+04 0.214639208984E+04 0.214525195312E+04 0.214469311523E+04 0.214458300781E+04 0.214373388672E+04 0.214256494141E+04 0.214288500977E+04 0.214217602539E+04 0.214145605469E+04 0.213906689453E+04 0.214122705078E+04 0.214657788086E+04 0.214115795898E+04 0.213937890625E+04 0.214284912109E+04 0.214566992188E+04 0.215187109375E+04 0.215565087891E+04 0.216321191406E+04 0.217069189453E+04 0.217674194336E+04 0.218493310547E+04 0.218749291992E+04 0.219145410156E+04 0.219253393555E+04 0.219602490234E+04 0.219073608398E+04 0.219080590820E+04 0.219048706055E+04 0.219133691406E+04 0.218704809570E+04 0.218735791016E+04 0.218787890625E+04 0.218788090625E+04 0.218788089648E+04 0.219791088867E+04 0.220139111328E+04 0.220231201172E+04 0.220052397266E+04 0.220212304688E+04
0.215267089844E+04 0.214976196289E+04 0.214810205078E+04 0.214192309570E+04 0.214085302734E+04 0.213923388672E+04 0.213887402344E+04 0.213728491211E+04 0.213695507812E+04 0.213692602539E+04 0.213677587891E+04 0.213571704102E+04 0.213460693359E+04 0.213423803711E+04 0.213568896484E+04 0.213211889648E+04 0.213175000000E+04 0.213432006836E+04 0.213707104492E+04 0.214275097656E+04 0.214381201172E+04 0.215224194336E+04 0.215998291016E+04 0.216442309570E+04 0.216971411133E+04 0.217301391602E+04 0.217962500000E+04 0.218277490234E+04 0.218564599609E+04 0.218491699219E+04 0.218547705078E+04 0.219280810547E+04 0.219325805664E+04 0.218858911133E+04 0.218694897461E+04 0.218925000000E+04 0.219095996094E+04 0.218968090820E+04 0.219391088867E+04 0.219818188477E+04 0.220052197266E+04 0.220074291992E+04 0.220124291992E+04
0.214936206055E+04 0.214403198242E+04 0.214317309570E+04 0.213940307617E+04 0.213498388672E+04 0.213342407227E+04 0.213319506836E+04 0.213231494141E+04 0.213156591797E+04 0.213012695312E+04 0.213033691406E+04 0.213033789062E+04 0.212957788086E+04 0.212981909180E+04 0.212947900391E+04 0.213038989258E+04 0.213080004883E+04 0.213543090820E+04 0.213614111328E+04 0.214115209961E+04 0.214334204102E+04 0.214930297852E+04 0.215322412109E+04 0.215664404297E+04 0.216525488281E+04 0.216805493164E+04 0.217653588867E+04 0.217402587891E+04 0.217346704102E+04 0.217525708008E+04 0.217825805664E+04 0.218310791016E+04 0.218455908203E+04 0.218795898438E+04 0.218674199023E+04 0.218674006836E+04 0.218973095703E+04 0.218808105469E+04 0.219697192383E+04 0.219966210938E+04 0.220118310547E+04 0.220152294922E+04 0.220186401367E+04
0.214642211914E+04 0.214127294922E+04 0.214088305664E+04 0.213713403320E+04 0.213399389648E+04 0.213062500000E+04 0.213054492188E+04 0.212943603516E+04 0.212841699219E+04 0.212841699219E+04 0.212768798828E+04 0.212706811523E+04 0.212713891602E+04 0.212748901367E+04 0.212473999023E+04 0.213237988281E+04 0.213119091797E+04 0.213646093750E+04 0.213841210938E+04 0.214287207031E+04 0.214410302734E+04 0.214857299805E+04 0.215528393555E+04 0.215710400391E+04 0.216486499023E+04 0.216950488281E+04 0.217438598633E+04 0.217040600586E+04 0.217025708008E+04 0.217328808594E+04 0.217328808594E+04 0.218067895508E+04 0.218405908203E+04 0.218787011719E+04 0.218673999023E+04 0.218814111328E+04 0.218805102539E+04 0.218805302539E+04 0.219796191406E+04 0.219879296875E+04 0.220139306641E+04 0.220136401367E+04 0.220235498047E+04
0.213999291992E+04 0.213718310547E+04 0.213502392578E+04 0.213253393555E+04 0.213097509766E+04 0.212541601562E+04 0.212521606445E+04 0.212466699219E+04 0.212356689453E+04 0.212364794922E+04 0.212090795898E+04 0.212035888672E+04 0.212167895508E+04 0.212118994141E+04 0.212015991211E+04 0.212926098633E+04 0.213109106445E+04 0.213701196289E+04 0.213855200195E+04 0.214347290039E+04 0.214583300781E+04 0.215035400391E+04 0.215529492188E+04 0.215745507812E+04 0.216582592773E+04 0.216939599609E+04 0.217424707031E+04 0.217087695312E+04 0.216936791992E+04 0.216952807617E+04 0.217216894531E+04 0.217752905273E+04 0.217787988281E+04 0.217655004883E+04 0.217850097656E+04 0.218015087891E+04 0.218942211914E+04 0.219206298828E+04 0.219750292969E+04 0.220009399414E+04 0.220182397461E+04 0.220250488281E+04 0.220407495117E+04
0.213721289062E+04 0.213633398438E+04 0.213400390625E+04 0.212904492188E+04 0.212883496094E+04 0.212312597656E+04 0.212262597656E+04 0.212207690430E+04 0.212118798828E+04 0.212109790039E+04 0.211817895508E+04 0.211757910156E+04 0.211893994141E+04 0.211891992188E+04 0.211857104492E+04 0.212680102539E+04 0.213005200195E+04 0.213548193359E+04 0.213694311523E+04 0.214051293945E+04 0.214298388672E+04 0.214945410156E+04 0.215381494141E+04 0.215822509766E+04 0.216594604492E+04 0.216921606445E+04 0.217435693359E+04 0.216980688477E+04 0.216817797852E+04 0.216821899414E+04 0.217081909180E+04 0.217570996094E+04 0.217504003906E+04 0.217516088867E+04 0.217564111328E+04 0.217975195312E+04 0.218783300781E+04 0.219393310547E+04 0.219668408203E+04 0.219861401367E+04 0.220215502930E+04 0.220417504883E+04 0.220444604492E+04
0.213244409180E+04 0.213177392578E+04 0.213155493164E+04 0.212508593750E+04 0.212347607422E+04 0.211845703125E+04 0.211787695312E+04 0.211703808594E+04 0.211637792969E+04 0.211598901367E+04 0.211399902344E+04 0.211318994141E+04 0.211419995117E+04 0.211481103516E+04 0.211777099609E+04 0.212084204102E+04 0.212244189453E+04 0.213015307617E+04 0.213139306641E+04 0.213830395508E+04 0.214060400391E+04 0.214851489258E+04 0.215324609375E+04 0.215496606445E+04 0.215831689453E+04 0.216145703125E+04 0.216944799805E+04 0.217004809570E+04 0.216749902344E+04 0.216748999023E+04 0.216750000000E+04 0.217013110352E+04 0.217106103516E+04 0.217402197266E+04 0.217652197266E+04 0.218214306641E+04 0.218822290039E+04 0.218914404297E+04 0.219551391602E+04 0.219907495117E+04 0.220403491211E+04 0.220433593750E+04 0.220519604492E+04
0.212973388672E+04 0.212858496094E+04 0.212710498047E+04 0.212332592773E+04 0.212133593750E+04 0.211708691406E+04 0.211605688477E+04 0.211444799805E+04 0.211410888672E+04 0.211294897461E+04 0.211192993164E+04 0.211032006836E+04 0.211237109375E+04 0.211381103516E+04 0.211799194336E+04 0.211677197266E+04 0.211972290039E+04 0.212797290039E+04 0.213195410156E+04 0.213838403320E+04 0.214207495117E+04 0.214718603516E+04 0.214805590820E+04 0.215027587891E+04 0.215195703125E+04 0.215430688477E+04 0.216243798828E+04 0.216655810547E+04 0.216800903320E+04 0.216722998047E+04 0.216832006836E+04 0.216880102539E+04 0.217114111328E+04 0.217552197266E+04 0.217816210938E+04 0.218398291016E+04 0.218836401367E+04 0.219030395508E+04 0.219600488281E+04 0.219954492188E+04 0.220488598633E+04 0.220492602539E+04 0.220531689453E+04
0.212508496094E+04 0.212538598633E+04 0.212209594727E+04 0.212044702148E+04 0.211744702148E+04 0.211680810547E+04 0.211285791016E+04 0.210976904297E+04 0.210907910156E+04 0.210804003906E+04 0.210200000000E+04 0.210657104492E+04 0.211104101562E+04 0.211104199219E+04 0.210680200195E+04 0.211092309570E+04 0.211573291016E+04 0.212516406250E+04 0.212923510742E+04 0.213818505859E+04 0.214071606445E+04 0.214308593750E+04 0.214349707031E+04 0.214371704102E+04 0.214729809570E+04 0.214736791992E+04 0.215085888672E+04 0.215419897461E+04 0.216046997070E+04 0.216272094727E+04 0.216767089844E+04 0.217159204102E+04 0.217348193359E+04 0.217914306641E+04 0.218230297852E+04 0.218722412109E+04 0.219114404297E+04 0.219364501953E+04 0.219982592773E+04 0.220363598633E+04 0.220574707031E+04 0.220558691406E+04 0.220694799805E+04
0.212307495117E+04 0.212241601562E+04 0.212011596680E+04 0.211877709961E+04 0.211444702148E+04 0.211601806641E+04 0.211450805664E+04 0.210741894531E+04 0.210631005859E+04 0.210533007812E+04 0.210161108398E+04 0.210517089844E+04 0.210932202148E+04 0.210756201172E+04 0.210541308594E+04 0.211030297852E+04 0.211479394531E+04 0.212416503906E+04 0.212839501953E+04 0.213657592773E+04 0.213922607422E+04 0.214102709961E+04 0.214089697266E+04 0.214314794922E+04 0.214419799805E+04 0.214605908203E+04 0.214867895508E+04 0.215146997070E+04 0.215634008789E+04 0.216464111328E+04 0.216658105469E+04 0.217160205078E+04 0.217489208984E+04 0.217931298828E+04 0.218201293945E+04 0.218632397461E+04 0.219235498047E+04 0.219561499023E+04 0.220189599609E+04 0.220491601562E+04 0.220563696289E+04 0.220638696289E+04 0.220935791016E+04
0.211927587891E+04 0.211680688477E+04 0.211536694336E+04 0.211400805664E+04 0.210950805664E+04 0.211202905273E+04 0.211287890625E+04 0.210513989258E+04 0.209984008789E+04 0.209908105469E+04 0.209983105469E+04 0.210430200195E+04 0.210703198242E+04 0.210542309570E+04 0.210507397461E+04 0.211103393555E+04 0.211554492188E+04 0.212200488281E+04 0.212738598633E+04 0.213391601562E+04 0.213505688477E+04 0.213815698242E+04 0.213320800781E+04 0.213284790039E+04 0.213505908203E+04 0.214448901367E+04 0.215315991211E+04 0.215294995117E+04 0.215490087891E+04 0.215906201172E+04 0.216286206055E+04 0.217138305664E+04 0.217497290039E+04 0.218007397461E+04 0.218364404297E+04 0.219032495117E+04 0.219727587891E+04 0.220042602539E+04 0.220219702148E+04 0.220217700195E+04 0.220488793945E+04 0.220707788086E+04 0.221092895508E+04
0.211513696289E+04 0.211311694336E+04 0.211220800781E+04 0.210935791016E+04 0.210657910156E+04 0.211061889648E+04 0.210880004883E+04 0.210335009766E+04 0.209567089844E+04 0.209009106445E+04 0.209949194336E+04 0.210090209961E+04 0.210237304688E+04 0.210227392578E+04 0.210227592578E+04 0.211022509766E+04 0.211327490234E+04 0.212355590820E+04 0.212794604492E+04 0.212943701172E+04 0.212953710938E+04 0.212740795898E+04 0.212316894531E+04 0.212380908203E+04 0.214063989258E+04 0.214775000000E+04 0.215516088867E+04 0.215665087891E+04 0.215931201172E+04 0.216573291016E+04 0.216983300781E+04 0.217844409180E+04 0.218095410156E+04 0.218507495117E+04 0.218923510742E+04 0.219581591797E+04 0.219451611328E+04 0.219453710938E+04 0.220174707031E+04 0.220479809570E+04 0.221069799805E+04 0.221405908203E+04 0.222042993164E+04
0.211333691406E+04 0.211150805664E+04 0.211068798828E+04 0.210793896484E+04 0.210576904297E+04 0.210785009766E+04 0.210719995117E+04 0.210010107422E+04 0.209316088867E+04 0.208849194336E+04 0.209938208008E+04 0.210161303711E+04 0.210081396484E+04 0.210317407227E+04 0.210257495117E+04 0.210998510742E+04 0.211355590820E+04 0.212382592773E+04 0.212654711914E+04 0.212748706055E+04 0.212792797852E+04 0.212359790039E+04 0.212043896484E+04 0.212205908203E+04 0.214202001953E+04 0.214847998047E+04 0.215687109375E+04 0.215996093750E+04 0.216447192383E+04 0.217059301758E+04 0.217445288086E+04 0.218274389648E+04 0.218470410156E+04 0.218780493164E+04 0.219051489258E+04 0.219462597656E+04 0.219332690430E+04 0.219628710938E+04 0.220357788086E+04 0.220370800781E+04 0.220714892578E+04 0.221026904297E+04 0.221937011719E+04
0.210971801758E+04 0.210806811523E+04 0.210772900391E+04 0.210615893555E+04 0.210477001953E+04 0.210246997070E+04 0.210202099609E+04 0.209817089844E+04 0.208881201172E+04 0.208533203125E+04 0.209416308594E+04 0.209397412109E+04 0.209818408203E+04 0.210122509766E+04 0.210534497070E+04 0.211151611328E+04 0.211442602539E+04 0.211889697266E+04 0.212052709961E+04 0.212230810547E+04 0.212203808594E+04 0.211964892578E+04 0.211600000000E+04 0.211890991211E+04 0.213691088867E+04 0.214102099609E+04 0.214957202148E+04 0.215474194336E+04 0.216526293945E+04 0.217644409180E+04 0.217980395508E+04 0.218611499023E+04 0.218854492188E+04 0.219340600586E+04 0.219367602539E+04 0.219094702148E+04 0.219299804688E+04 0.219715795898E+04 0.219809912109E+04 0.219933911133E+04 0.220398999023E+04 0.220713989258E+04 0.221393090820E+04
0.210866796875E+04 0.210666894531E+04 0.210619897461E+04 0.210453002930E+04 0.210383007812E+04 0.210235107422E+04 0.209926098633E+04 0.209699194336E+04 0.208663208008E+04 0.208218310547E+04 0.208709399414E+04 0.209292407227E+04 0.209487500000E+04 0.209618505859E+04 0.210404589844E+04 0.210885595703E+04 0.211100708008E+04 0.211445703125E+04 0.211618798828E+04 0.211780810547E+04 0.211795898438E+04 0.211700000000E+04 0.211390991211E+04 0.211980004883E+04 0.213422094727E+04 0.213799194336E+04 0.214571191406E+04 0.215020288086E+04 0.216118310547E+04 0.217292407227E+04 0.217798388672E+04 0.218639501953E+04 0.218909497070E+04 0.219212597656E+04 0.219185595703E+04 0.219102709961E+04 0.219176806641E+04 0.219352807617E+04 0.219642895508E+04 0.219841894531E+04 0.220337988281E+04 0.220643994141E+04 0.221279101562E+04
0.210792895508E+04 0.210489892578E+04 0.210382006836E+04 0.210123999023E+04 0.209901098633E+04 0.209666088867E+04 0.209610205078E+04 0.209245190430E+04 0.208157299805E+04 0.207986401367E+04 0.207727392578E+04 0.208033496094E+04 0.209294506836E+04 0.209405590820E+04 0.209661596680E+04 0.209604711914E+04 0.209857690430E+04 0.210614794922E+04 0.210931811523E+04 0.211055908203E+04 0.210871997070E+04 0.210679003906E+04 0.211859106445E+04 0.212330102539E+04 0.212759204102E+04 0.213088208008E+04 0.213894311523E+04 0.214390307617E+04 0.215700390625E+04 0.217213500977E+04 0.217595507812E+04 0.218334594727E+04 0.218581591797E+04 0.218880688477E+04 0.219192700195E+04 0.219116796875E+04 0.219299902344E+04 0.219355908203E+04 0.219535009766E+04 0.219708007812E+04 0.220188110352E+04 0.220597094727E+04 0.221344189453E+04
0.210629907227E+04 0.210380004883E+04 0.210309008789E+04 0.210184106445E+04 0.209880102539E+04 0.209522192383E+04 0.209355200195E+04 0.209062304688E+04 0.207824389648E+04 0.207537402344E+04 0.207563500977E+04 0.208227490234E+04 0.209294604492E+04 0.209485595703E+04 0.208822705078E+04 0.208996704102E+04 0.209324804688E+04 0.210035888672E+04 0.210443896484E+04 0.210333007812E+04 0.210134008789E+04 0.210798095703E+04 0.211875097656E+04 0.212064208984E+04 0.212401196289E+04 0.212734301758E+04 0.213594311523E+04 0.214003393555E+04 0.215115405273E+04 0.216185498047E+04 0.216653491211E+04 0.217847607422E+04 0.217996704102E+04 0.218886694336E+04 0.219192797852E+04 0.219242797852E+04 0.219406909180E+04 0.219383911133E+04 0.219525000000E+04 0.219647998047E+04 0.220404101562E+04 0.220939208984E+04 0.221657202148E+04
0.210301000977E+04 0.210203002930E+04 0.210142089844E+04 0.209767089844E+04 0.209411206055E+04 0.209098193359E+04 0.209095288086E+04 0.208397412109E+04 0.207090405273E+04 0.206436499023E+04 0.207370507812E+04 0.208178588867E+04 0.208601611328E+04 0.208219702148E+04 0.207496704102E+04 0.207989794922E+04 0.208158911133E+04 0.209058911133E+04 0.209482006836E+04 0.209369995117E+04 0.210020092773E+04 0.211122094727E+04 0.211440209961E+04 0.211408203125E+04 0.211904296875E+04 0.212245288086E+04 0.213126391602E+04 0.213485400391E+04 0.214342504883E+04 0.215219604492E+04 0.215326611328E+04 0.216531689453E+04 0.217345703125E+04 0.218670800781E+04 0.219220800781E+04 0.219573901367E+04 0.219397998047E+04 0.219408007812E+04 0.219669091797E+04 0.219896093750E+04 0.220893188477E+04 0.221534204102E+04 0.222490307617E+04
0.210241992188E+04 0.210012109375E+04 0.209949096680E+04 0.209381201172E+04 0.208917211914E+04 0.208645288086E+04 0.208689306641E+04 0.208288403320E+04 0.206597509766E+04 0.205960498047E+04 0.206742602539E+04 0.207368603516E+04 0.207308691406E+04 0.207070703125E+04 0.206808789062E+04 0.206810888672E+04 0.207019897461E+04 0.207521997070E+04 0.207929003906E+04 0.209588110352E+04 0.210161108398E+04 0.210772192383E+04 0.210654296875E+04 0.210870288086E+04 0.211459399414E+04 0.211812402344E+04 0.212519506836E+04 0.212775488281E+04 0.213325610352E+04 0.214648706055E+04 0.215240698242E+04 0.216470800781E+04 0.217117797852E+04 0.218516894531E+04 0.219110888672E+04 0.219552001953E+04 0.219576098633E+04 0.219699096680E+04 0.220271191406E+04 0.220644189453E+04 0.221456298828E+04 0.222147290039E+04 0.222859399414E+04
