prepro/dem
north:     0
south:           0.00000000
east:      0
west:            0.00000000
rows:    246
cols:    130
[rows 152 to 170 of 246, columns 43 to 85 of 130]
0.187141003418E+04 0.186005102539E+04 0.185792199707E+04 0.184708300781E+04 0.183807299805E+04 0.184700402832E+04 0.184866394043E+04 0.185018505859E+04 0.185619604492E+04 0.185793603516E+04 0.186742700195E+04 0.187418798828E+04 0.188573803711E+04 0.188919897461E+04 0.189800000000E+04 0.191615100098E+04 0.192685095215E+04 0.194943200684E+04 0.196039196777E+04 0.196748303223E+04 0.197367395020E+04 0.198542395020E+04 0.199191503906E+04 0.200003503418E+04 0.201662597656E+04 0.202499694824E+04 0.204393798828E+04 0.205387792969E+04 0.207485888672E+04 0.209798999023E+04 0.210896997070E+04 0.213067089844E+04 0.000000000000E+00 0.000000000000E+00 0.000000000000E+00 0.000000000000E+00 0.000000000000E+00 0.000000000000E+00 0.000000000000E+00 0.000000000000E+00 0.000000000000E+00 0.000000000000E+00 0.000000000000E+00
0.186883105469E+04 0.185795202637E+04 0.185737194824E+04 0.184685302734E+04 0.183714404297E+04 0.183898400879E+04 0.184374499512E+04 0.184939599609E+04 0.186129699707E+04 0.186907702637E+04 0.187060803223E+04 0.187069799805E+04 0.187364904785E+04 0.188060998535E+04 0.189650000000E+04 0.191948095703E+04 0.192992199707E+04 0.194911303711E+04 0.195400305176E+04 0.196202404785E+04 0.196515405273E+04 0.197498498535E+04 0.198801599121E+04 0.199631604004E+04 0.201406701660E+04 0.202295703125E+04 0.204245800781E+04 0.205263891602E+04 0.207314990234E+04 0.209823999023E+04 0.210863110352E+04 0.000000000000E+00 0.000000000000E+00 0.000000000000E+00 0.000000000000E+00 0.000000000000E+00 0.000000000000E+00 0.000000000000E+00 0.000000000000E+00 0.000000000000E+00 0.000000000000E+00 0.000000000000E+00 0.000000000000E+00
0.186466101074E+04 0.185564196777E+04 0.185378295898E+04 0.184171398926E+04 0.183229394531E+04 0.183913500977E+04 0.184436499023E+04 0.185046594238E+04 0.186108703613E+04 0.186946704102E+04 0.188050805664E+04 0.188103894043E+04 0.188400000000E+04 0.188944995117E+04 0.190307104492E+04 0.192453198242E+04 0.193210205078E+04 0.194182299805E+04 0.194585302734E+04 0.195563403320E+04 0.195950500488E+04 0.197386499023E+04 0.198790600586E+04 0.199612695312E+04 0.201320703125E+04 0.202256799316E+04 0.204175903320E+04 0.205172900391E+04 0.207681005859E+04 0.209840087891E+04 0.210811108398E+04 0.000000000000E+00 0.000000000000E+00 0.000000000000E+00 0.000000000000E+00 0.000000000000E+00 0.000000000000E+00 0.000000000000E+00 0.000000000000E+00 0.000000000000E+00 0.000000000000E+00 0.000000000000E+00 0.000000000000E+00
0.185655200195E+04 0.185075305176E+04 0.184525305176E+04 0.183803405762E+04 0.183064501953E+04 0.183890600586E+04 0.184236596680E+04 0.184784704590E+04 0.186273803711E+04 0.186912805176E+04 0.188522900391E+04 0.189714904785E+04 0.190500000000E+04 0.190734094238E+04 0.190552099609E+04 0.191365197754E+04 0.191983300781E+04 0.192611401367E+04 0.193233398438E+04 0.194718505859E+04 0.195516503906E+04 0.197315600586E+04 0.198651696777E+04 0.199565698242E+04 0.201344799805E+04 0.202279895020E+04 0.204317895508E+04 0.205487011719E+04 0.207606103516E+04 0.209764208984E+04 0.000000000000E+00 0.000000000000E+00 0.000000000000E+00 0.000000000000E+00 0.000000000000E+00 0.000000000000E+00 0.000000000000E+00 0.000000000000E+00 0.000000000000E+00 0.000000000000E+00 0.000000000000E+00 0.000000000000E+00 0.000000000000E+00
0.184842297363E+04 0.184704394531E+04 0.184283398438E+04 0.183430505371E+04 0.182874499512E+04 0.183715600586E+04 0.184009704590E+04 0.184272705078E+04 0.185291796875E+04 0.185875903320E+04 0.187902001953E+04 0.188843005371E+04 0.189214099121E+04 0.189617102051E+04 0.189161206055E+04 0.190083300781E+04 0.190623303223E+04 0.192137402344E+04 0.193071496582E+04 0.194842602539E+04 0.195943603516E+04 0.197670703125E+04 0.198841796875E+04 0.199757800293E+04 0.201594897461E+04 0.202519897461E+04 0.204581994629E+04 0.205675097656E+04 0.208120092773E+04 0.000000000000E+00 0.000000000000E+00 0.000000000000E+00 0.000000000000E+00 0.000000000000E+00 0.000000000000E+00 0.000000000000E+00 0.000000000000E+00 0.000000000000E+00 0.000000000000E+00 0.000000000000E+00 0.000000000000E+00 0.000000000000E+00 0.000000000000E+00
0.184536303711E+04 0.184697399902E+04 0.184112402344E+04 0.183032495117E+04 0.182714599609E+04 0.183801696777E+04 0.184010705566E+04 0.184660803223E+04 0.185217895508E+04 0.186042895508E+04 0.187557995605E+04 0.188118994141E+04 0.188363098145E+04 0.188397204590E+04 0.188755297852E+04 0.189767297363E+04 0.190735400391E+04 0.192518505859E+04 0.193592504883E+04 0.195099597168E+04 0.196265600586E+04 0.198239697266E+04 0.199330798340E+04 0.200153796387E+04 0.201863903809E+04 0.202803002930E+04 0.204826098633E+04 0.205988110352E+04 0.000000000000E+00 0.000000000000E+00 0.000000000000E+00 0.000000000000E+00 0.000000000000E+00 0.000000000000E+00 0.000000000000E+00 0.000000000000E+00 0.000000000000E+00 0.000000000000E+00 0.000000000000E+00 0.000000000000E+00 0.000000000000E+00 0.000000000000E+00 0.000000000000E+00
0.184133398438E+04 0.183991503906E+04 0.183232495117E+04 0.182606604004E+04 0.182722595215E+04 0.183788696289E+04 0.183861804199E+04 0.184565905762E+04 0.185073901367E+04 0.185074101367E+04 0.185794104004E+04 0.185976098633E+04 0.186691198730E+04 0.187577197266E+04 0.188516296387E+04 0.190075402832E+04 0.191143505859E+04 0.192953503418E+04 0.193706604004E+04 0.194889697266E+04 0.195814697266E+04 0.197957800293E+04 0.199440905762E+04 0.200470898438E+04 0.202635998535E+04 0.203594995117E+04 0.205675097656E+04 0.000000000000E+00 0.000000000000E+00 0.000000000000E+00 0.000000000000E+00 0.000000000000E+00 0.000000000000E+00 0.000000000000E+00 0.000000000000E+00 0.000000000000E+00 0.000000000000E+00 0.000000000000E+00 0.000000000000E+00 0.000000000000E+00 0.000000000000E+00 0.000000000000E+00 0.000000000000E+00
0.184013403320E+04 0.183160498047E+04 0.182570495605E+04 0.182677600098E+04 0.183509704590E+04 0.184091796875E+04 0.184223803711E+04 0.185223901367E+04 0.185885998535E+04 0.185859997559E+04 0.186758105469E+04 0.186907104492E+04 0.187620202637E+04 0.187359301758E+04 0.188124401855E+04 0.189804394531E+04 0.190957495117E+04 0.192900598145E+04 0.193624597168E+04 0.194900695801E+04 0.195623706055E+04 0.197565795898E+04 0.199235900879E+04 0.200297900391E+04 0.202311999512E+04 0.203325097656E+04 0.205336206055E+04 0.000000000000E+00 0.000000000000E+00 0.000000000000E+00 0.000000000000E+00 0.000000000000E+00 0.000000000000E+00 0.000000000000E+00 0.000000000000E+00 0.000000000000E+00 0.000000000000E+00 0.000000000000E+00 0.000000000000E+00 0.000000000000E+00 0.000000000000E+00 0.000000000000E+00 0.000000000000E+00
0.183070495605E+04 0.181968603516E+04 0.181907604980E+04 0.183364697266E+04 0.183674694824E+04 0.184553796387E+04 0.185272900391E+04 0.186342004395E+04 0.187318005371E+04 0.187718103027E+04 0.188152197266E+04 0.188722204590E+04 0.189135302734E+04 0.188895300293E+04 0.189639404297E+04 0.189624499512E+04 0.190602600098E+04 0.192508605957E+04 0.193254699707E+04 0.194641796875E+04 0.195380798340E+04 0.197327905273E+04 0.198681994629E+04 0.199521997070E+04 0.201338098145E+04 0.202171105957E+04 0.000000000000E+00 0.000000000000E+00 0.000000000000E+00 0.000000000000E+00 0.000000000000E+00 0.000000000000E+00 0.000000000000E+00 0.000000000000E+00 0.000000000000E+00 0.000000000000E+00 0.000000000000E+00 0.000000000000E+00 0.000000000000E+00 0.000000000000E+00 0.000000000000E+00 0.000000000000E+00 0.000000000000E+00
0.182473498535E+04 0.181767602539E+04 0.182248596191E+04 0.183311694336E+04 0.183392797852E+04 0.184524902344E+04 0.185378894043E+04 0.186801000977E+04 0.187670104980E+04 0.188174096680E+04 0.188892199707E+04 0.189272204590E+04 0.189859301758E+04 0.189820397949E+04 0.190469494629E+04 0.189674597168E+04 0.190100598145E+04 0.192174694824E+04 0.193047705078E+04 0.194494799805E+04 0.195213903809E+04 0.197135900879E+04 0.198291003418E+04 0.199094104004E+04 0.200783105469E+04 0.000000000000E+00 0.000000000000E+00 0.000000000000E+00 0.000000000000E+00 0.000000000000E+00 0.000000000000E+00 0.000000000000E+00 0.000000000000E+00 0.000000000000E+00 0.000000000000E+00 0.000000000000E+00 0.000000000000E+00 0.000000000000E+00 0.000000000000E+00 0.000000000000E+00 0.000000000000E+00 0.000000000000E+00 0.000000000000E+00
0.181924597168E+04 0.181695703125E+04 0.182633703613E+04 0.183023803711E+04 0.183581799316E+04 0.185076904297E+04 0.186209997559E+04 0.187186096191E+04 0.188552099609E+04 0.188939196777E+04 0.189951293945E+04 0.190245300293E+04 0.190858398438E+04 0.191250402832E+04 0.191623498535E+04 0.191019604492E+04 0.191376696777E+04 0.192091796875E+04 0.192091996875E+04 0.193929895020E+04 0.194815905762E+04 0.196865002441E+04 0.197831103516E+04 0.198542102051E+04 0.200186206055E+04 0.000000000000E+00 0.000000000000E+00 0.000000000000E+00 0.000000000000E+00 0.000000000000E+00 0.000000000000E+00 0.000000000000E+00 0.000000000000E+00 0.000000000000E+00 0.000000000000E+00 0.000000000000E+00 0.000000000000E+00 0.000000000000E+00 0.000000000000E+00 0.000000000000E+00 0.000000000000E+00 0.000000000000E+00 0.000000000000E+00
0.181170605469E+04 0.181787695312E+04 0.182330798340E+04 0.182812902832E+04 0.183182897949E+04 0.184855004883E+04 0.185915002441E+04 0.187283105469E+04 0.188806201172E+04 0.189887304688E+04 0.190844299316E+04 0.191153405762E+04 0.191637500000E+04 0.191810498047E+04 0.192202600098E+04 0.192320703125E+04 0.192843701172E+04 0.193816796875E+04 0.194162902832E+04 0.194267004395E+04 0.194141003418E+04 0.195807104492E+04 0.197500195312E+04 0.198432202148E+04 0.000000000000E+00 0.000000000000E+00 0.000000000000E+00 0.000000000000E+00 0.000000000000E+00 0.000000000000E+00 0.000000000000E+00 0.000000000000E+00 0.000000000000E+00 0.000000000000E+00 0.000000000000E+00 0.000000000000E+00 0.000000000000E+00 0.000000000000E+00 0.000000000000E+00 0.000000000000E+00 0.000000000000E+00 0.000000000000E+00 0.000000000000E+00
0.181038696289E+04 0.182202795410E+04 0.183104797363E+04 0.183185900879E+04 0.183021899414E+04 0.184619995117E+04 0.184993103027E+04 0.186570202637E+04 0.188946203613E+04 0.190089294434E+04 0.191414404297E+04 0.191651403809E+04 0.192002502441E+04 0.192421594238E+04 0.192789599609E+04 0.193072705078E+04 0.193062805176E+04 0.193921899414E+04 0.194910900879E+04 0.195126000977E+04 0.195438000488E+04 0.195556103516E+04 0.197137194824E+04 0.198018200684E+04 0.000000000000E+00 0.000000000000E+00 0.000000000000E+00 0.000000000000E+00 0.000000000000E+00 0.000000000000E+00 0.000000000000E+00 0.000000000000E+00 0.000000000000E+00 0.000000000000E+00 0.000000000000E+00 0.000000000000E+00 0.000000000000E+00 0.000000000000E+00 0.000000000000E+00 0.000000000000E+00 0.000000000000E+00 0.000000000000E+00 0.000000000000E+00
0.180675695801E+04 0.182568798828E+04 0.183480895996E+04 0.184573999023E+04 0.184425000000E+04 0.184864099121E+04 0.184864099121E+04 0.185988195801E+04 0.188287304688E+04 0.188940405273E+04 0.191372399902E+04 0.192405505371E+04 0.193195605469E+04 0.193618603516E+04 0.194488696289E+04 0.195085803223E+04 0.195277795410E+04 0.195667895508E+04 0.196298999023E+04 0.197120104980E+04 0.197119104004E+04 0.197597204590E+04 0.197783300781E+04 0.198456298828E+04 0.000000000000E+00 0.000000000000E+00 0.000000000000E+00 0.000000000000E+00 0.000000000000E+00 0.000000000000E+00 0.000000000000E+00 0.000000000000E+00 0.000000000000E+00 0.000000000000E+00 0.000000000000E+00 0.000000000000E+00 0.000000000000E+00 0.000000000000E+00 0.000000000000E+00 0.000000000000E+00 0.000000000000E+00 0.000000000000E+00 0.000000000000E+00
0.181100805664E+04 0.182678894043E+04 0.183686901855E+04 0.184761999512E+04 0.185320996094E+04 0.185396105957E+04 0.185698205566E+04 0.186580297852E+04 0.187880297852E+04 0.188853405762E+04 0.190890502930E+04 0.192448498535E+04 0.193832604980E+04 0.194228698730E+04 0.194936694336E+04 0.195911804199E+04 0.196386901855E+04 0.196561999512E+04 0.197363000488E+04 0.197830102539E+04 0.197811096191E+04 0.198679199219E+04 0.198551293945E+04 0.000000000000E+00 0.000000000000E+00 0.000000000000E+00 0.000000000000E+00 0.000000000000E+00 0.000000000000E+00 0.000000000000E+00 0.000000000000E+00 0.000000000000E+00 0.000000000000E+00 0.000000000000E+00 0.000000000000E+00 0.000000000000E+00 0.000000000000E+00 0.000000000000E+00 0.000000000000E+00 0.000000000000E+00 0.000000000000E+00 0.000000000000E+00 0.000000000000E+00
0.181340795898E+04 0.182597900391E+04 0.182892004395E+04 0.184318103027E+04 0.185002099609E+04 0.186596203613E+04 0.187250195312E+04 0.188170300293E+04 0.189392395020E+04 0.190342504883E+04 0.192144604492E+04 0.193135595703E+04 0.194618701172E+04 0.194869702148E+04 0.195841796875E+04 0.196798901367E+04 0.197358898926E+04 0.198143994141E+04 0.198411096191E+04 0.199116198730E+04 0.199626196289E+04 0.000000000000E+00 0.000000000000E+00 0.000000000000E+00 0.000000000000E+00 0.000000000000E+00 0.000000000000E+00 0.000000000000E+00 0.000000000000E+00 0.000000000000E+00 0.000000000000E+00 0.000000000000E+00 0.000000000000E+00 0.000000000000E+00 0.000000000000E+00 0.000000000000E+00 0.000000000000E+00 0.000000000000E+00 0.000000000000E+00 0.000000000000E+00 0.000000000000E+00 0.000000000000E+00 0.000000000000E+00
0.181473901367E+04 0.182293994141E+04 0.182661999512E+04 0.184172094727E+04 0.184942102051E+04 0.186739196777E+04 0.187787304688E+04 0.188984399414E+04 0.190127502441E+04 0.190574499512E+04 0.193103601074E+04 0.193931604004E+04 0.194522705078E+04 0.195153796387E+04 0.196080798340E+04 0.197052905273E+04 0.197535998535E+04 0.198625097656E+04 0.198990100098E+04 0.000000000000E+00 0.000000000000E+00 0.000000000000E+00 0.000000000000E+00 0.000000000000E+00 0.000000000000E+00 0.000000000000E+00 0.000000000000E+00 0.000000000000E+00 0.000000000000E+00 0.000000000000E+00 0.000000000000E+00 0.000000000000E+00 0.000000000000E+00 0.000000000000E+00 0.000000000000E+00 0.000000000000E+00 0.000000000000E+00 0.000000000000E+00 0.000000000000E+00 0.000000000000E+00 0.000000000000E+00 0.000000000000E+00 0.000000000000E+00
0.182124902344E+04 0.182603002930E+04 0.182700097656E+04 0.184336206055E+04 0.185273205566E+04 0.187298303223E+04 0.188229296875E+04 0.190006396484E+04 0.191173498535E+04 0.191768603516E+04 0.193129699707E+04 0.193922705078E+04 0.194284802246E+04 0.194885803223E+04 0.196241894531E+04 0.197356994629E+04 0.198026098633E+04 0.199082104492E+04 0.000000000000E+00 0.000000000000E+00 0.000000000000E+00 0.000000000000E+00 0.000000000000E+00 0.000000000000E+00 0.000000000000E+00 0.000000000000E+00 0.000000000000E+00 0.000000000000E+00 0.000000000000E+00 0.000000000000E+00 0.000000000000E+00 0.000000000000E+00 0.000000000000E+00 0.000000000000E+00 0.000000000000E+00 0.000000000000E+00 0.000000000000E+00 0.000000000000E+00 0.000000000000E+00 0.000000000000E+00 0.000000000000E+00 0.000000000000E+00 0.000000000000E+00
0.181061999512E+04 0.181942102051E+04 0.182210095215E+04 0.183823205566E+04 0.184526293945E+04 0.186180395508E+04 0.186884399414E+04 0.188328503418E+04 0.189988598633E+04 0.191029602051E+04 0.193657702637E+04 0.194497802734E+04 0.195377905273E+04 0.195328894043E+04 0.196465002441E+04 0.197636096191E+04 0.198313098145E+04 0.199556201172E+04 0.000000000000E+00 0.000000000000E+00 0.000000000000E+00 0.000000000000E+00 0.000000000000E+00 0.000000000000E+00 0.000000000000E+00 0.000000000000E+00 0.000000000000E+00 0.000000000000E+00 0.000000000000E+00 0.000000000000E+00 0.000000000000E+00 0.000000000000E+00 0.000000000000E+00 0.000000000000E+00 0.000000000000E+00 0.000000000000E+00 0.000000000000E+00 0.000000000000E+00 0.000000000000E+00 0.000000000000E+00 0.000000000000E+00 0.000000000000E+00 0.000000000000E+00
