prepro/dem
north:     0
south:           0.00000000
east:      0
west:            0.00000000
rows:    246
cols:    130
[rows 57 to 75 of 246, columns 43 to 85 of 130]
0.229380102539E+04 0.228267089844E+04 0.227672192383E+04 0.226261206055E+04 0.225607299805E+04 0.225004296875E+04 0.224557397461E+04 0.223624389648E+04 0.223492504883E+04 0.223216503906E+04 0.222848608398E+04 0.222597607422E+04 0.222346704102E+04 0.222208691406E+04 0.222163793945E+04 0.222080810547E+04 0.222010888672E+04 0.221825903320E+04 0.221825000000E+04 0.222328002930E+04 0.222545996094E+04 0.222156103516E+04 0.222172192383E+04 0.222120190430E+04 0.222645288086E+04 0.222872290039E+04 0.223467407227E+04 0.223445410156E+04 0.224413403320E+04 0.225176489258E+04 0.225351489258E+04 0.225585595703E+04 0.225747607422E+04 0.225991699219E+04 0.225874707031E+04 0.226048803711E+04 0.225735888672E+04 0.225589892578E+04 0.225839892578E+04 0.226513989258E+04 0.227664990234E+04 0.228220092773E+04 0.229144091797E+04
0.228370092773E+04 0.227702197266E+04 0.226876196289E+04 0.225730297852E+04 0.225093310547E+04 0.224457299805E+04 0.224036401367E+04 0.223265405273E+04 0.222998510742E+04 0.222902490234E+04 0.222409594727E+04 0.222249609375E+04 0.221981689453E+04 0.221891699219E+04 0.221825805664E+04 0.221677905273E+04 0.221587890625E+04 0.221549902344E+04 0.221626000977E+04 0.222275000000E+04 0.222052099609E+04 0.222040087891E+04 0.222071191406E+04 0.222071191406E+04 0.222621289062E+04 0.222776293945E+04 0.223189404297E+04 0.223633398438E+04 0.224650488281E+04 0.225194506836E+04 0.225358593750E+04 0.225492602539E+04 0.225709692383E+04 0.225723706055E+04 0.225510791016E+04 0.225332788086E+04 0.225194897461E+04 0.225060888672E+04 0.225751000977E+04 0.226238989258E+04 0.227050097656E+04 0.227514111328E+04 0.228240209961E+04
0.227028100586E+04 0.226272192383E+04 0.225722192383E+04 0.224500292969E+04 0.224019311523E+04 0.223389404297E+04 0.223103393555E+04 0.222421508789E+04 0.222360595703E+04 0.222226611328E+04 0.221849707031E+04 0.221639697266E+04 0.221367797852E+04 0.221345800781E+04 0.221177807617E+04 0.220903906250E+04 0.220969897461E+04 0.221028002930E+04 0.221165991211E+04 0.221487109375E+04 0.221292089844E+04 0.221374194336E+04 0.221545190430E+04 0.221663305664E+04 0.222482299805E+04 0.222661401367E+04 0.223233398438E+04 0.223468505859E+04 0.224504492188E+04 0.225071606445E+04 0.225123608398E+04 0.225321704102E+04 0.225301708984E+04 0.224865795898E+04 0.224736791992E+04 0.224459912109E+04 0.224423999023E+04 0.224588989258E+04 0.225594995117E+04 0.225976098633E+04 0.226788110352E+04 0.226667211914E+04 0.227070190430E+04
0.226364208984E+04 0.225209204102E+04 0.224770288086E+04 0.223942309570E+04 0.223573388672E+04 0.222868408203E+04 0.222605493164E+04 0.222356494141E+04 0.222107592773E+04 0.221906591797E+04 0.221608691406E+04 0.221341699219E+04 0.221103808594E+04 0.220955810547E+04 0.220844897461E+04 0.220649902344E+04 0.220730004883E+04 0.220838989258E+04 0.221039111328E+04 0.221074096680E+04 0.220945190430E+04 0.221559204102E+04 0.221431298828E+04 0.221608300781E+04 0.222313403320E+04 0.222595410156E+04 0.222898510742E+04 0.223333496094E+04 0.224168603516E+04 0.224792602539E+04 0.225059692383E+04 0.225105688477E+04 0.224846801758E+04 0.224534790039E+04 0.224498901367E+04 0.224212890625E+04 0.224475000000E+04 0.224722998047E+04 0.225509106445E+04 0.225913110352E+04 0.226373193359E+04 0.226534204102E+04 0.226508300781E+04
0.224610302734E+04 0.224110302734E+04 0.223659301758E+04 0.222718408203E+04 0.222491406250E+04 0.221812500000E+04 0.221717504883E+04 0.221533593750E+04 0.221480688477E+04 0.221306689453E+04 0.220906811523E+04 0.220750805664E+04 0.220475903320E+04 0.220384912109E+04 0.220119995117E+04 0.220157006836E+04 0.220218090820E+04 0.220262109375E+04 0.220248095703E+04 0.220605200195E+04 0.220673193359E+04 0.220852294922E+04 0.220935400391E+04 0.221324389648E+04 0.221836499023E+04 0.222042504883E+04 0.223094604492E+04 0.223681591797E+04 0.224224609375E+04 0.224693701172E+04 0.224477709961E+04 0.224066796875E+04 0.223983789062E+04 0.224029907227E+04 0.223879907227E+04 0.223880004883E+04 0.224575097656E+04 0.225159106445E+04 0.225754199219E+04 0.226074194336E+04 0.226030297852E+04 0.225932299805E+04 0.226079394531E+04
0.224358300781E+04 0.223121289062E+04 0.222913403320E+04 0.222262402344E+04 0.221886499023E+04 0.221346508789E+04 0.221296606445E+04 0.221175610352E+04 0.221095703125E+04 0.221048706055E+04 0.220622802734E+04 0.220492797852E+04 0.220168896484E+04 0.220122900391E+04 0.219808007812E+04 0.219911108398E+04 0.219997094727E+04 0.219882202148E+04 0.219961206055E+04 0.220434204102E+04 0.220464306641E+04 0.220451293945E+04 0.221125390625E+04 0.221356396484E+04 0.221728491211E+04 0.222269506836E+04 0.223311596680E+04 0.223731591797E+04 0.224242700195E+04 0.224109790039E+04 0.223928808594E+04 0.223544799805E+04 0.223818896484E+04 0.223698901367E+04 0.223765991211E+04 0.223926000977E+04 0.224854101562E+04 0.225363110352E+04 0.225982202148E+04 0.226062207031E+04 0.225551293945E+04 0.225535302734E+04 0.225819409180E+04
0.222925390625E+04 0.221946411133E+04 0.221747509766E+04 0.221348510742E+04 0.221051489258E+04 0.220520605469E+04 0.220555590820E+04 0.220442700195E+04 0.220323803711E+04 0.220238793945E+04 0.220031909180E+04 0.219923901367E+04 0.219676000977E+04 0.219556005859E+04 0.219340087891E+04 0.219430102539E+04 0.219509204102E+04 0.219555200195E+04 0.219679296875E+04 0.219767309570E+04 0.219856396484E+04 0.220212402344E+04 0.220700488281E+04 0.221280493164E+04 0.222212597656E+04 0.222567602539E+04 0.223393701172E+04 0.223576708984E+04 0.223443798828E+04 0.223294799805E+04 0.223376904297E+04 0.223526904297E+04 0.223669995117E+04 0.223715991211E+04 0.224053100586E+04 0.224594091797E+04 0.225422192383E+04 0.225564208984E+04 0.225653295898E+04 0.225525292969E+04 0.225380395508E+04 0.225450390625E+04 0.225637500000E+04
0.222251391602E+04 0.220961499023E+04 0.220831494141E+04 0.220417602539E+04 0.220127587891E+04 0.219829711914E+04 0.219919702148E+04 0.219807788086E+04 0.219685791016E+04 0.219564892578E+04 0.219382910156E+04 0.219312011719E+04 0.219081005859E+04 0.218944091797E+04 0.218911108398E+04 0.218965209961E+04 0.218999194336E+04 0.219200292969E+04 0.219235302734E+04 0.219542407227E+04 0.219725390625E+04 0.220109497070E+04 0.220984497070E+04 0.221360595703E+04 0.222079589844E+04 0.222532690430E+04 0.223104711914E+04 0.223100805664E+04 0.223111791992E+04 0.223001904297E+04 0.223236889648E+04 0.223286010742E+04 0.223462011719E+04 0.224083105469E+04 0.224407104492E+04 0.225019189453E+04 0.225353295898E+04 0.225140307617E+04 0.225036401367E+04 0.225242407227E+04 0.225590502930E+04 0.225652490234E+04 0.225812597656E+04
0.222007495117E+04 0.220664501953E+04 0.220401611328E+04 0.220003588867E+04 0.219781689453E+04 0.219547705078E+04 0.219577709961E+04 0.219525805664E+04 0.219331909180E+04 0.219284912109E+04 0.218989990234E+04 0.218987011719E+04 0.218829101562E+04 0.218742089844E+04 0.218683203125E+04 0.218828198242E+04 0.218925292969E+04 0.218930297852E+04 0.219071411133E+04 0.219645410156E+04 0.220150488281E+04 0.220498510742E+04 0.221060595703E+04 0.221384594727E+04 0.222190698242E+04 0.222556689453E+04 0.222817797852E+04 0.222713793945E+04 0.222946899414E+04 0.223017895508E+04 0.222931005859E+04 0.223233007812E+04 0.223708105469E+04 0.224340087891E+04 0.224636206055E+04 0.225084204102E+04 0.225097290039E+04 0.224942309570E+04 0.225289404297E+04 0.225406396484E+04 0.225846508789E+04 0.225900488281E+04 0.226017602539E+04
0.220741503906E+04 0.219860595703E+04 0.219583593750E+04 0.219211694336E+04 0.219076708984E+04 0.218925805664E+04 0.218918798828E+04 0.218885888672E+04 0.218781909180E+04 0.218616992188E+04 0.218411010742E+04 0.218307104492E+04 0.218248095703E+04 0.218208203125E+04 0.218131201172E+04 0.218525292969E+04 0.218478295898E+04 0.218733398438E+04 0.219088403320E+04 0.219766503906E+04 0.220056494141E+04 0.220443603516E+04 0.221396704102E+04 0.221728710938E+04 0.222062792969E+04 0.222008789062E+04 0.221863793945E+04 0.222341894531E+04 0.222362890625E+04 0.222743994141E+04 0.222953002930E+04 0.223708105469E+04 0.224108105469E+04 0.224315209961E+04 0.224166210938E+04 0.224587304688E+04 0.224365405273E+04 0.224729394531E+04 0.224842504883E+04 0.225317504883E+04 0.226358593750E+04 0.226829589844E+04 0.227072705078E+04
0.220323608398E+04 0.219438598633E+04 0.219119702148E+04 0.218818701172E+04 0.218706811523E+04 0.218628808594E+04 0.218531909180E+04 0.218523901367E+04 0.218423999023E+04 0.218344995117E+04 0.218114111328E+04 0.218059106445E+04 0.217965209961E+04 0.217965209961E+04 0.218054296875E+04 0.218240307617E+04 0.218457397461E+04 0.218625390625E+04 0.219232495117E+04 0.219835498047E+04 0.219946606445E+04 0.220437597656E+04 0.221046704102E+04 0.221471704102E+04 0.221629809570E+04 0.221473803711E+04 0.221948901367E+04 0.221960888672E+04 0.222506005859E+04 0.222826098633E+04 0.222996093750E+04 0.223770190430E+04 0.223955200195E+04 0.224009204102E+04 0.224240307617E+04 0.224097290039E+04 0.224368408203E+04 0.224748388672E+04 0.225177490234E+04 0.225586499023E+04 0.226469604492E+04 0.226895605469E+04 0.227357690430E+04
0.219241601562E+04 0.218594702148E+04 0.218351708984E+04 0.218036791992E+04 0.218053808594E+04 0.218048901367E+04 0.217910888672E+04 0.217889990234E+04 0.217781103516E+04 0.217755102539E+04 0.217529199219E+04 0.217433203125E+04 0.217448291016E+04 0.217516308594E+04 0.217830395508E+04 0.218475390625E+04 0.218631396484E+04 0.219153491211E+04 0.219529492188E+04 0.219860595703E+04 0.219847607422E+04 0.220306689453E+04 0.220770800781E+04 0.220886791992E+04 0.220970898438E+04 0.221179907227E+04 0.221427001953E+04 0.221668994141E+04 0.222196093750E+04 0.222723095703E+04 0.222826196289E+04 0.223390209961E+04 0.223389306641E+04 0.223374291992E+04 0.223517407227E+04 0.223634399414E+04 0.223718505859E+04 0.224020507812E+04 0.224522607422E+04 0.224814599609E+04 0.225340698242E+04 0.225614697266E+04 0.226318798828E+04
0.218998706055E+04 0.218208691406E+04 0.217979809570E+04 0.217773803711E+04 0.217724902344E+04 0.217723901367E+04 0.217497998047E+04 0.217582006836E+04 0.217452099609E+04 0.217459106445E+04 0.217248193359E+04 0.217145190430E+04 0.217201293945E+04 0.217279296875E+04 0.217994409180E+04 0.218476489258E+04 0.218731494141E+04 0.219419604492E+04 0.219580590820E+04 0.219933691406E+04 0.220182690430E+04 0.220670703125E+04 0.220747802734E+04 0.220689794922E+04 0.220969897461E+04 0.221068896484E+04 0.221582006836E+04 0.221939990234E+04 0.222315087891E+04 0.222690209961E+04 0.222919189453E+04 0.223204296875E+04 0.223275292969E+04 0.223285400391E+04 0.223056396484E+04 0.222887500000E+04 0.223002490234E+04 0.223545605469E+04 0.223935595703E+04 0.224300708008E+04 0.224706689453E+04 0.224816796875E+04 0.225700805664E+04
0.218244702148E+04 0.217600805664E+04 0.217393798828E+04 0.217150903320E+04 0.217095898438E+04 0.216981005859E+04 0.217058007812E+04 0.216957104492E+04 0.216839208984E+04 0.216779199219E+04 0.216723291016E+04 0.216652294922E+04 0.217005395508E+04 0.216882397461E+04 0.218172509766E+04 0.218221508789E+04 0.218780590820E+04 0.219694604492E+04 0.219979711914E+04 0.220492700195E+04 0.220811791992E+04 0.220659790039E+04 0.220525903320E+04 0.220766894531E+04 0.221227001953E+04 0.221441992188E+04 0.221825097656E+04 0.221922094727E+04 0.222324194336E+04 0.222571191406E+04 0.222780297852E+04 0.222955297852E+04 0.222892407227E+04 0.222306396484E+04 0.221877490234E+04 0.221924511719E+04 0.222370605469E+04 0.222781591797E+04 0.223182690430E+04 0.223176708984E+04 0.223563793945E+04 0.223770800781E+04 0.224589892578E+04
0.217539794922E+04 0.216975903320E+04 0.216760888672E+04 0.216572998047E+04 0.216511010742E+04 0.216429101562E+04 0.216471093750E+04 0.216334204102E+04 0.216241210938E+04 0.216163305664E+04 0.216182299805E+04 0.216153393555E+04 0.216073388672E+04 0.216514501953E+04 0.217695507812E+04 0.218630590820E+04 0.219209594727E+04 0.219750708008E+04 0.219934692383E+04 0.220175805664E+04 0.220382788086E+04 0.220419897461E+04 0.220331909180E+04 0.220516992188E+04 0.220994995117E+04 0.221299096680E+04 0.221670092773E+04 0.221886206055E+04 0.222185205078E+04 0.222614306641E+04 0.222729296875E+04 0.222476391602E+04 0.222107397461E+04 0.221330493164E+04 0.220906494141E+04 0.220823608398E+04 0.221248706055E+04 0.221536694336E+04 0.222079809570E+04 0.222242797852E+04 0.222582910156E+04 0.222494897461E+04 0.223146997070E+04
0.217194799805E+04 0.216670898438E+04 0.216476904297E+04 0.216282006836E+04 0.216220996094E+04 0.216159106445E+04 0.216159106445E+04 0.216118188477E+04 0.215960302734E+04 0.215909301758E+04 0.215849389648E+04 0.215851391602E+04 0.215953491211E+04 0.216370507812E+04 0.217660595703E+04 0.218520605469E+04 0.218736694336E+04 0.218879711914E+04 0.219108789062E+04 0.219315795898E+04 0.219607910156E+04 0.220093896484E+04 0.220195996094E+04 0.220233007812E+04 0.221104101562E+04 0.221418090820E+04 0.221870190430E+04 0.221913208008E+04 0.222229296875E+04 0.222468408203E+04 0.222477392578E+04 0.221927490234E+04 0.221556494141E+04 0.220815600586E+04 0.220460595703E+04 0.220328710938E+04 0.220826708984E+04 0.221106811523E+04 0.221533789062E+04 0.221580908203E+04 0.222131909180E+04 0.221992993164E+04 0.222371997070E+04
0.216586889648E+04 0.216080004883E+04 0.215933007812E+04 0.215745092773E+04 0.215712109375E+04 0.215587207031E+04 0.215572192383E+04 0.215503295898E+04 0.215387304688E+04 0.215363403320E+04 0.215348388672E+04 0.215305493164E+04 0.215654492188E+04 0.216158593750E+04 0.217253588867E+04 0.216872705078E+04 0.216856689453E+04 0.217075805664E+04 0.217143798828E+04 0.217829907227E+04 0.218092895508E+04 0.218755004883E+04 0.219759106445E+04 0.220095092773E+04 0.220893188477E+04 0.221320190430E+04 0.221390307617E+04 0.221624291992E+04 0.221873388672E+04 0.221769409180E+04 0.221534497070E+04 0.220817504883E+04 0.220555590820E+04 0.219787597656E+04 0.219587695312E+04 0.219558691406E+04 0.219979809570E+04 0.220241796875E+04 0.220711889648E+04 0.220683911133E+04 0.221167993164E+04 0.221110009766E+04 0.221009106445E+04
0.216320898438E+04 0.215837011719E+04 0.215700000000E+04 0.215500097656E+04 0.215444091797E+04 0.215302197266E+04 0.215278198242E+04 0.215231298828E+04 0.215118408203E+04 0.215084399414E+04 0.215072509766E+04 0.215059497070E+04 0.215163598633E+04 0.215731591797E+04 0.216565698242E+04 0.216070703125E+04 0.215989794922E+04 0.216267797852E+04 0.216477905273E+04 0.217121899414E+04 0.217390991211E+04 0.218251000977E+04 0.218982104492E+04 0.219430102539E+04 0.220329199219E+04 0.220851196289E+04 0.221257299805E+04 0.221408300781E+04 0.221427392578E+04 0.220962500000E+04 0.220656494141E+04 0.220295605469E+04 0.220105590820E+04 0.219497705078E+04 0.219209692383E+04 0.219093798828E+04 0.219473803711E+04 0.219879907227E+04 0.220509912109E+04 0.220564990234E+04 0.220845996094E+04 0.220777099609E+04 0.220482104492E+04
0.215848999023E+04 0.215398095703E+04 0.215299096680E+04 0.214935205078E+04 0.214864208984E+04 0.214738305664E+04 0.214732299805E+04 0.214642407227E+04 0.214543408203E+04 0.214548510742E+04 0.214508496094E+04 0.214427587891E+04 0.214358593750E+04 0.214750708008E+04 0.215246704102E+04 0.214610791016E+04 0.214682788086E+04 0.214825903320E+04 0.215127905273E+04 0.215797998047E+04 0.216071997070E+04 0.216806103516E+04 0.217588208008E+04 0.218113208008E+04 0.219230297852E+04 0.219495288086E+04 0.219907397461E+04 0.219989404297E+04 0.220271508789E+04 0.219637500000E+04 0.219554589844E+04 0.219106591797E+04 0.219031689453E+04 0.218758691406E+04 0.218823803711E+04 0.218857788086E+04 0.218787998047E+04 0.219167895508E+04 0.220057006836E+04 0.220079003906E+04 0.220358105469E+04 0.220226098633E+04 0.220244189453E+04
