prepro/dem
north:     0
south:           0.00000000
east:      0
west:            0.00000000
rows:    246
cols:    130
[rows 190 to 208 of 246, columns 0 to 42 of 130]
0.000000000000E+00 0.000000000000E+00 0.000000000000E+00 0.000000000000E+00 0.000000000000E+00 0.000000000000E+00 0.000000000000E+00 0.000000000000E+00 0.000000000000E+00 0.186662304688E+04 0.186591296387E+04 0.186323303223E+04 0.186217297363E+04 0.185905297852E+04 0.185726293945E+04 0.185197302246E+04 0.184015295410E+04 0.183293298340E+04 0.181782299805E+04 0.181203295898E+04 0.180123303223E+04 0.179718298340E+04 0.178863305664E+04 0.177505297852E+04 0.177053295898E+04 0.177486303711E+04 0.177252294922E+04 0.176406298828E+04 0.176018298340E+04 0.175446301270E+04 0.174347302246E+04 0.174177294922E+04 0.174708300781E+04 0.174814294434E+04 0.175074401855E+04 0.175875402832E+04 0.176920495605E+04 0.177462597656E+04 0.177795703125E+04 0.178320800781E+04 0.178619799805E+04 0.179230895996E+04 0.179568994141E+04
0.000000000000E+00 0.000000000000E+00 0.000000000000E+00 0.000000000000E+00 0.000000000000E+00 0.000000000000E+00 0.000000000000E+00 0.000000000000E+00 0.000000000000E+00 0.000000000000E+00 0.186781396484E+04 0.186632397461E+04 0.186494396973E+04 0.186119396973E+04 0.185941394043E+04 0.185216394043E+04 0.183562402344E+04 0.182965405273E+04 0.181694396973E+04 0.181073400879E+04 0.179978405762E+04 0.179535400391E+04 0.178712402344E+04 0.177370397949E+04 0.176838403320E+04 0.177218298340E+04 0.177106298828E+04 0.176691296387E+04 0.176130297852E+04 0.175413305664E+04 0.174230297852E+04 0.174166296387E+04 0.174550305176E+04 0.174632299805E+04 0.175157397461E+04 0.175758496094E+04 0.176813598633E+04 0.177355700684E+04 0.177608703613E+04 0.178110803223E+04 0.178371801758E+04 0.178996899414E+04 0.179432995605E+04
0.000000000000E+00 0.000000000000E+00 0.000000000000E+00 0.000000000000E+00 0.000000000000E+00 0.000000000000E+00 0.000000000000E+00 0.000000000000E+00 0.000000000000E+00 0.000000000000E+00 0.000000000000E+00 0.186959399414E+04 0.186874401855E+04 0.186469396973E+04 0.186085400391E+04 0.184514404297E+04 0.182838403320E+04 0.182281396484E+04 0.181361401367E+04 0.180840405273E+04 0.179653405762E+04 0.179130395508E+04 0.178137402344E+04 0.176988403320E+04 0.176629394531E+04 0.176751403809E+04 0.176576403809E+04 0.175994396973E+04 0.175460400391E+04 0.174703405762E+04 0.174532397461E+04 0.174059399414E+04 0.173969396973E+04 0.174330395508E+04 0.175155505371E+04 0.176043505859E+04 0.176609594727E+04 0.176995703125E+04 0.177214794922E+04 0.177553894043E+04 0.177720898438E+04 0.178329003906E+04 0.178872094727E+04
0.000000000000E+00 0.000000000000E+00 0.000000000000E+00 0.000000000000E+00 0.000000000000E+00 0.000000000000E+00 0.000000000000E+00 0.000000000000E+00 0.000000000000E+00 0.000000000000E+00 0.000000000000E+00 0.187005505371E+04 0.187003503418E+04 0.186763500977E+04 0.186173498535E+04 0.184472497559E+04 0.183137500000E+04 0.182468505859E+04 0.181142504883E+04 0.180470495605E+04 0.179215502930E+04 0.178741503906E+04 0.177968505859E+04 0.177106494141E+04 0.176768505859E+04 0.175616503906E+04 0.175634497070E+04 0.175465502930E+04 0.174974499512E+04 0.174448498535E+04 0.174088500977E+04 0.174108496094E+04 0.173549499512E+04 0.173846496582E+04 0.175246594238E+04 0.175908605957E+04 0.176268701172E+04 0.176510803223E+04 0.176675805664E+04 0.176977905273E+04 0.177148999023E+04 0.177823095703E+04 0.178242102051E+04
0.000000000000E+00 0.000000000000E+00 0.000000000000E+00 0.000000000000E+00 0.000000000000E+00 0.000000000000E+00 0.000000000000E+00 0.000000000000E+00 0.000000000000E+00 0.000000000000E+00 0.000000000000E+00 0.187034497070E+04 0.187025500488E+04 0.186723498535E+04 0.185939501953E+04 0.184380505371E+04 0.183021496582E+04 0.182396496582E+04 0.181085498047E+04 0.180487500000E+04 0.179292504883E+04 0.178711499023E+04 0.177854504395E+04 0.177025500488E+04 0.176720495605E+04 0.175859497070E+04 0.175425500488E+04 0.175044494629E+04 0.174820495605E+04 0.174357495117E+04 0.173898498535E+04 0.173924499512E+04 0.173381494141E+04 0.173644494629E+04 0.174918603516E+04 0.175706604004E+04 0.176038696289E+04 0.176283801270E+04 0.176437902832E+04 0.176779003906E+04 0.177047998047E+04 0.177550097656E+04 0.177876196289E+04
0.000000000000E+00 0.000000000000E+00 0.000000000000E+00 0.000000000000E+00 0.000000000000E+00 0.000000000000E+00 0.000000000000E+00 0.000000000000E+00 0.000000000000E+00 0.000000000000E+00 0.000000000000E+00 0.187259594727E+04 0.187139599609E+04 0.186057604980E+04 0.185306604004E+04 0.183987597656E+04 0.182645605469E+04 0.182047595215E+04 0.180757604980E+04 0.180262597656E+04 0.179514599609E+04 0.179026599121E+04 0.178205603027E+04 0.177374597168E+04 0.176807604980E+04 0.175923596191E+04 0.175739599609E+04 0.175015600586E+04 0.174482604980E+04 0.174163598633E+04 0.173851599121E+04 0.173570605469E+04 0.173137597656E+04 0.173358605957E+04 0.174669702148E+04 0.175418701172E+04 0.175653796387E+04 0.175958898926E+04 0.176116894531E+04 0.176659997559E+04 0.176847094727E+04 0.177390197754E+04 0.177702197266E+04
0.000000000000E+00 0.000000000000E+00 0.000000000000E+00 0.000000000000E+00 0.000000000000E+00 0.000000000000E+00 0.000000000000E+00 0.000000000000E+00 0.000000000000E+00 0.000000000000E+00 0.000000000000E+00 0.186852600098E+04 0.186802600098E+04 0.185987597656E+04 0.185475598145E+04 0.184070605469E+04 0.182608605957E+04 0.182011596680E+04 0.180516601562E+04 0.180039599609E+04 0.179262597656E+04 0.178875598145E+04 0.178207604980E+04 0.177257604980E+04 0.176900598145E+04 0.175910595703E+04 0.175581604004E+04 0.174922595215E+04 0.174478601074E+04 0.174077600098E+04 0.173780603027E+04 0.173414599609E+04 0.173065600586E+04 0.173344604492E+04 0.174512695312E+04 0.175206701660E+04 0.175475805664E+04 0.175795898438E+04 0.176000000000E+04 0.176483105469E+04 0.176722094727E+04 0.177264196777E+04 0.177412304688E+04
0.000000000000E+00 0.000000000000E+00 0.000000000000E+00 0.000000000000E+00 0.000000000000E+00 0.000000000000E+00 0.000000000000E+00 0.000000000000E+00 0.000000000000E+00 0.000000000000E+00 0.000000000000E+00 0.186290698242E+04 0.186266699219E+04 0.186040698242E+04 0.185404699707E+04 0.183996704102E+04 0.182483703613E+04 0.181809704590E+04 0.180591699219E+04 0.180051696777E+04 0.179310705566E+04 0.178809704590E+04 0.178011694336E+04 0.176954699707E+04 0.176619702148E+04 0.176301696777E+04 0.175788696289E+04 0.174903698730E+04 0.174350695801E+04 0.173817700195E+04 0.173626696777E+04 0.173161694336E+04 0.172925695801E+04 0.172992700195E+04 0.174063696289E+04 0.174514794922E+04 0.175147900391E+04 0.175428002930E+04 0.175633996582E+04 0.176161096191E+04 0.176283203125E+04 0.176817297363E+04 0.176978295898E+04
0.000000000000E+00 0.000000000000E+00 0.000000000000E+00 0.000000000000E+00 0.000000000000E+00 0.000000000000E+00 0.000000000000E+00 0.000000000000E+00 0.000000000000E+00 0.000000000000E+00 0.000000000000E+00 0.186109704590E+04 0.186038696289E+04 0.185843701172E+04 0.185374694824E+04 0.184029699707E+04 0.182488696289E+04 0.181809704590E+04 0.180626696777E+04 0.180050695801E+04 0.179152697754E+04 0.178823706055E+04 0.177902697754E+04 0.177040698242E+04 0.176618701172E+04 0.176256701660E+04 0.175907702637E+04 0.174956701660E+04 0.174448706055E+04 0.173657702637E+04 0.173542700195E+04 0.173154699707E+04 0.172756701660E+04 0.172862695312E+04 0.173659802246E+04 0.174126794434E+04 0.174952905273E+04 0.175190002441E+04 0.175511096191E+04 0.176009204102E+04 0.176196203613E+04 0.176642297363E+04 0.176792297363E+04
0.000000000000E+00 0.000000000000E+00 0.000000000000E+00 0.000000000000E+00 0.000000000000E+00 0.000000000000E+00 0.000000000000E+00 0.000000000000E+00 0.000000000000E+00 0.000000000000E+00 0.000000000000E+00 0.185931799316E+04 0.185867797852E+04 0.185648803711E+04 0.185465795898E+04 0.184084802246E+04 0.182708801270E+04 0.182025805664E+04 0.180784802246E+04 0.180300805664E+04 0.179203796387E+04 0.178681799316E+04 0.177738793945E+04 0.176841796875E+04 0.176460803223E+04 0.175989794922E+04 0.175786804199E+04 0.175051794434E+04 0.174748803711E+04 0.173666796875E+04 0.173306799316E+04 0.173192797852E+04 0.172522802734E+04 0.172428796387E+04 0.173337805176E+04 0.173728894043E+04 0.174492004395E+04 0.175009094238E+04 0.175270104980E+04 0.175678198242E+04 0.175897302246E+04 0.176298400879E+04 0.176649401855E+04
0.000000000000E+00 0.000000000000E+00 0.000000000000E+00 0.000000000000E+00 0.000000000000E+00 0.000000000000E+00 0.000000000000E+00 0.000000000000E+00 0.000000000000E+00 0.000000000000E+00 0.000000000000E+00 0.185871801758E+04 0.185788793945E+04 0.185545800781E+04 0.185358801270E+04 0.184355798340E+04 0.182758801270E+04 0.182125805664E+04 0.180928796387E+04 0.180472802734E+04 0.179305798340E+04 0.178767797852E+04 0.177904797363E+04 0.176904797363E+04 0.176475805664E+04 0.175879797363E+04 0.175598803711E+04 0.175093798828E+04 0.174767797852E+04 0.173716796875E+04 0.173159802246E+04 0.173173803711E+04 0.172457800293E+04 0.172385803223E+04 0.173078894043E+04 0.173558898926E+04 0.174316003418E+04 0.174852099609E+04 0.175068200684E+04 0.175409301758E+04 0.175730297852E+04 0.176249401855E+04 0.176612402344E+04
0.000000000000E+00 0.000000000000E+00 0.000000000000E+00 0.000000000000E+00 0.000000000000E+00 0.000000000000E+00 0.000000000000E+00 0.000000000000E+00 0.000000000000E+00 0.000000000000E+00 0.000000000000E+00 0.185803894043E+04 0.185762902832E+04 0.185557897949E+04 0.185372900391E+04 0.184819897461E+04 0.183401904297E+04 0.182501904297E+04 0.181322900391E+04 0.180893896484E+04 0.179753894043E+04 0.179284899902E+04 0.178144897461E+04 0.176952905273E+04 0.176446899414E+04 0.175775903320E+04 0.175487902832E+04 0.174878894043E+04 0.174639904785E+04 0.173701904297E+04 0.172991894531E+04 0.172789904785E+04 0.172365905762E+04 0.172143896484E+04 0.172799902344E+04 0.173151000977E+04 0.174141101074E+04 0.174370202637E+04 0.174592199707E+04 0.175222302246E+04 0.175443395996E+04 0.176150500488E+04 0.176482495117E+04
0.000000000000E+00 0.000000000000E+00 0.000000000000E+00 0.000000000000E+00 0.000000000000E+00 0.000000000000E+00 0.000000000000E+00 0.000000000000E+00 0.000000000000E+00 0.000000000000E+00 0.000000000000E+00 0.000000000000E+00 0.185856005859E+04 0.185747998047E+04 0.185625000000E+04 0.184953002930E+04 0.183702001953E+04 0.182817004395E+04 0.181614001465E+04 0.181085998535E+04 0.179954003906E+04 0.179596997070E+04 0.178918005371E+04 0.177661999512E+04 0.177218994141E+04 0.176234997559E+04 0.175768994141E+04 0.175043994141E+04 0.174663903809E+04 0.174221899414E+04 0.173365905762E+04 0.172765905762E+04 0.172144897461E+04 0.171888903809E+04 0.172363000488E+04 0.172879101562E+04 0.173877099609E+04 0.174204199219E+04 0.174305297852E+04 0.174642395020E+04 0.175104394531E+04 0.176025500488E+04 0.176090600586E+04
0.000000000000E+00 0.000000000000E+00 0.000000000000E+00 0.000000000000E+00 0.000000000000E+00 0.000000000000E+00 0.000000000000E+00 0.000000000000E+00 0.000000000000E+00 0.000000000000E+00 0.000000000000E+00 0.185677001953E+04 0.185757995605E+04 0.185563000488E+04 0.185355004883E+04 0.184580004883E+04 0.183533996582E+04 0.182910998535E+04 0.181854003906E+04 0.181176000977E+04 0.180389001465E+04 0.180056994629E+04 0.179393005371E+04 0.178619995117E+04 0.178044995117E+04 0.176782995605E+04 0.176180004883E+04 0.175418005371E+04 0.174894995117E+04 0.174328002930E+04 0.173638000488E+04 0.173020996094E+04 0.172056005859E+04 0.171826000977E+04 0.172131005859E+04 0.172657104492E+04 0.173656201172E+04 0.174055297852E+04 0.173909301758E+04 0.174563403320E+04 0.174864501953E+04 0.175436596680E+04 0.175853601074E+04
0.000000000000E+00 0.000000000000E+00 0.000000000000E+00 0.000000000000E+00 0.000000000000E+00 0.000000000000E+00 0.000000000000E+00 0.000000000000E+00 0.000000000000E+00 0.000000000000E+00 0.000000000000E+00 0.184578100586E+04 0.184641101074E+04 0.184708105469E+04 0.184476098633E+04 0.184186096191E+04 0.183687097168E+04 0.183253100586E+04 0.182578100586E+04 0.182155102539E+04 0.181405102539E+04 0.181233105469E+04 0.180688098145E+04 0.179864099121E+04 0.179458105469E+04 0.178330102539E+04 0.177351098633E+04 0.176002099609E+04 0.175635095215E+04 0.174775000000E+04 0.173978002930E+04 0.173689001465E+04 0.172126000977E+04 0.171715002441E+04 0.171693103027E+04 0.172004199219E+04 0.173075195312E+04 0.173785302734E+04 0.173536401367E+04 0.174194494629E+04 0.174515502930E+04 0.175459594727E+04 0.175907702637E+04
0.000000000000E+00 0.000000000000E+00 0.000000000000E+00 0.000000000000E+00 0.000000000000E+00 0.000000000000E+00 0.000000000000E+00 0.000000000000E+00 0.000000000000E+00 0.000000000000E+00 0.000000000000E+00 0.184440100098E+04 0.184421105957E+04 0.184265100098E+04 0.184173095703E+04 0.184012097168E+04 0.183704101562E+04 0.183515100098E+04 0.183374096680E+04 0.183017102051E+04 0.182056103516E+04 0.181795104980E+04 0.181235095215E+04 0.180351098633E+04 0.179902099609E+04 0.178932104492E+04 0.178466101074E+04 0.176538098145E+04 0.176015100098E+04 0.175018103027E+04 0.174054101562E+04 0.173757104492E+04 0.172344104004E+04 0.171783105469E+04 0.171489099121E+04 0.171538195801E+04 0.172778295898E+04 0.173123400879E+04 0.173371398926E+04 0.174011499023E+04 0.174363598633E+04 0.175407702637E+04 0.175912695312E+04
0.000000000000E+00 0.000000000000E+00 0.000000000000E+00 0.000000000000E+00 0.000000000000E+00 0.000000000000E+00 0.000000000000E+00 0.000000000000E+00 0.000000000000E+00 0.000000000000E+00 0.000000000000E+00 0.184623205566E+04 0.184477197266E+04 0.184290197754E+04 0.184225195312E+04 0.184069201660E+04 0.184262194824E+04 0.184423205566E+04 0.184543200684E+04 0.184326196289E+04 0.183623205566E+04 0.183204199219E+04 0.182341198730E+04 0.181253198242E+04 0.180769201660E+04 0.179616198730E+04 0.179120202637E+04 0.178004199219E+04 0.177488195801E+04 0.176654101562E+04 0.174880102539E+04 0.174214099121E+04 0.173258105469E+04 0.172321105957E+04 0.171349194336E+04 0.171329199219E+04 0.171446301270E+04 0.172047399902E+04 0.172449499512E+04 0.173631604004E+04 0.174147595215E+04 0.175125695801E+04 0.175466796875E+04
0.000000000000E+00 0.000000000000E+00 0.000000000000E+00 0.000000000000E+00 0.000000000000E+00 0.000000000000E+00 0.000000000000E+00 0.000000000000E+00 0.000000000000E+00 0.000000000000E+00 0.000000000000E+00 0.184854199219E+04 0.184770202637E+04 0.184611206055E+04 0.184533203125E+04 0.184257202148E+04 0.184551196289E+04 0.184828198242E+04 0.185093200684E+04 0.184886206055E+04 0.184349194336E+04 0.184129199219E+04 0.182834204102E+04 0.181754199219E+04 0.181066198730E+04 0.179969201660E+04 0.179555200195E+04 0.178627197266E+04 0.178141198730E+04 0.176914196777E+04 0.175325195312E+04 0.174574194336E+04 0.173677197266E+04 0.172826196289E+04 0.171251196289E+04 0.171216296387E+04 0.171353405762E+04 0.171678503418E+04 0.172167504883E+04 0.173203601074E+04 0.173647705078E+04 0.174583801270E+04 0.175032800293E+04
0.000000000000E+00 0.000000000000E+00 0.000000000000E+00 0.000000000000E+00 0.000000000000E+00 0.000000000000E+00 0.000000000000E+00 0.000000000000E+00 0.000000000000E+00 0.000000000000E+00 0.000000000000E+00 0.000000000000E+00 0.000000000000E+00 0.000000000000E+00 0.185357299805E+04 0.185064294434E+04 0.185051293945E+04 0.185228295898E+04 0.185507299805E+04 0.185612304688E+04 0.185477294922E+04 0.185225305176E+04 0.184290295410E+04 0.182612304688E+04 0.181982299805E+04 0.180910302734E+04 0.180459301758E+04 0.179612304688E+04 0.179096301270E+04 0.177942297363E+04 0.176231201172E+04 0.175300195312E+04 0.174006201172E+04 0.173255200195E+04 0.171634301758E+04 0.171166296387E+04 0.170859399414E+04 0.171179504395E+04 0.171562597656E+04 0.172901696777E+04 0.173597705078E+04 0.174853796387E+04 0.175296899414E+04
