prepro/dtm_Ws1_sf_1
north:     0
south:           0.00000000
east:      0
west:            0.00000000
rows:    246
cols:    130
[rows 38 to 56 of 246, columns 43 to 85 of 130]
0.000000000000E+00 0.000000000000E+00 0.000000000000E+00 0.000000000000E+00 0.000000000000E+00 0.000000000000E+00 0.000000000000E+00 0.440499401093E+01 0.440499401093E+01 0.677176141739E+01 0.440499401093E+01 0.000000000000E+00 0.000000000000E+00 0.000000000000E+00 0.000000000000E+00 0.000000000000E+00 0.000000000000E+00 0.000000000000E+00 0.372990822792E+01 0.000000000000E+00 0.000000000000E+00 0.595006465912E+01 0.799740028381E+01 0.000000000000E+00 0.000000000000E+00 0.000000000000E+00 0.520226573944E+01 0.984256076813E+01 0.000000000000E+00 0.648183774948E+01 0.000000000000E+00 0.000000000000E+00 0.000000000000E+00 0.000000000000E+00 0.914698505402E+01 0.388448429108E+01 0.000000000000E+00 0.000000000000E+00 0.372990822792E+01 0.485520124435E+01 0.485520124435E+01 0.000000000000E+00 0.372990822792E+01
0.000000000000E+00 0.000000000000E+00 0.000000000000E+00 0.000000000000E+00 0.000000000000E+00 0.000000000000E+00 0.372990822792E+01 0.485520124435E+01 0.485520124435E+01 0.690310621262E+01 0.485520124435E+01 0.372990822792E+01 0.548846578598E+01 0.485520124435E+01 0.000000000000E+00 0.485520124435E+01 0.485520124435E+01 0.000000000000E+00 0.869466972351E+01 0.000000000000E+00 0.000000000000E+00 0.000000000000E+00 0.807613849640E+01 0.000000000000E+00 0.548846578598E+01 0.000000000000E+00 0.000000000000E+00 0.000000000000E+00 0.372990822792E+01 0.000000000000E+00 0.000000000000E+00 0.548846578598E+01 0.372990822792E+01 0.372990822792E+01 0.929970455170E+01 0.425980043411E+01 0.000000000000E+00 0.372990822792E+01 0.372990822792E+01 0.520226573944E+01 0.548846578598E+01 0.372990822792E+01 0.440499401093E+01
0.000000000000E+00 0.000000000000E+00 0.000000000000E+00 0.000000000000E+00 0.000000000000E+00 0.000000000000E+00 0.440499401093E+01 0.520226573944E+01 0.520226573944E+01 0.702698230743E+01 0.520226573944E+01 0.440499401093E+01 0.573395729065E+01 0.520226573944E+01 0.372990822792E+01 0.663181495667E+01 0.000000000000E+00 0.372990822792E+01 0.000000000000E+00 0.372990822792E+01 0.000000000000E+00 0.000000000000E+00 0.000000000000E+00 0.000000000000E+00 0.595006465912E+01 0.000000000000E+00 0.736217069626E+01 0.595006465912E+01 0.141015806198E+02 0.000000000000E+00 0.000000000000E+00 0.372990822792E+01 0.440499401093E+01 0.440499401093E+01 0.934888935089E+01 0.000000000000E+00 0.372990822792E+01 0.000000000000E+00 0.440499401093E+01 0.548846578598E+01 0.573395729065E+01 0.440499401093E+01 0.000000000000E+00
0.000000000000E+00 0.000000000000E+00 0.000000000000E+00 0.000000000000E+00 0.000000000000E+00 0.372990822792E+01 0.000000000000E+00 0.548846578598E+01 0.548846578598E+01 0.714430618286E+01 0.548846578598E+01 0.000000000000E+00 0.595006465912E+01 0.000000000000E+00 0.000000000000E+00 0.677176141739E+01 0.000000000000E+00 0.000000000000E+00 0.000000000000E+00 0.898573589325E+01 0.372990822792E+01 0.000000000000E+00 0.000000000000E+00 0.000000000000E+00 0.000000000000E+00 0.000000000000E+00 0.756134414673E+01 0.614383792877E+01 0.142194595337E+02 0.000000000000E+00 0.372990822792E+01 0.000000000000E+00 0.485520124435E+01 0.000000000000E+00 0.435479974747E+01 0.000000000000E+00 0.372990822792E+01 0.000000000000E+00 0.000000000000E+00 0.573395729065E+01 0.595006465912E+01 0.573395729065E+01 0.000000000000E+00
0.000000000000E+00 0.000000000000E+00 0.000000000000E+00 0.000000000000E+00 0.000000000000E+00 0.440499401093E+01 0.372990822792E+01 0.631998920441E+01 0.573395729065E+01 0.725582742691E+01 0.573395729065E+01 0.372990822792E+01 0.663181495667E+01 0.372990822792E+01 0.000000000000E+00 0.714430618286E+01 0.372990822792E+01 0.440499401093E+01 0.595006465912E+01 0.000000000000E+00 0.000000000000E+00 0.000000000000E+00 0.000000000000E+00 0.702698230743E+01 0.898573589325E+01 0.000000000000E+00 0.774516677856E+01 0.631998920441E+01 0.000000000000E+00 0.000000000000E+00 0.485520124435E+01 0.000000000000E+00 0.000000000000E+00 0.000000000000E+00 0.436495876312E+01 0.000000000000E+00 0.000000000000E+00 0.372990822792E+01 0.000000000000E+00 0.677176141739E+01 0.000000000000E+00 0.106767663956E+02 0.102318954468E+02
0.000000000000E+00 0.000000000000E+00 0.000000000000E+00 0.000000000000E+00 0.000000000000E+00 0.485520124435E+01 0.000000000000E+00 0.648183774948E+01 0.595006465912E+01 0.000000000000E+00 0.000000000000E+00 0.000000000000E+00 0.677176141739E+01 0.000000000000E+00 0.000000000000E+00 0.000000000000E+00 0.000000000000E+00 0.485520124435E+01 0.000000000000E+00 0.000000000000E+00 0.000000000000E+00 0.000000000000E+00 0.440499401093E+01 0.000000000000E+00 0.904050159454E+01 0.000000000000E+00 0.856907939911E+01 0.143968973160E+02 0.000000000000E+00 0.372990822792E+01 0.000000000000E+00 0.000000000000E+00 0.372990822792E+01 0.000000000000E+00 0.437504339218E+01 0.485520124435E+01 0.372990822792E+01 0.372990822792E+01 0.440499401093E+01 0.114995412827E+02 0.485520124435E+01 0.372990822792E+01 0.000000000000E+00
0.000000000000E+00 0.000000000000E+00 0.000000000000E+00 0.000000000000E+00 0.000000000000E+00 0.520226573944E+01 0.372990822792E+01 0.690310621262E+01 0.614383792877E+01 0.372990822792E+01 0.746386098862E+01 0.614383792877E+01 0.714430618286E+01 0.372990822792E+01 0.000000000000E+00 0.440499401093E+01 0.791612815857E+01 0.573395729065E+01 0.372990822792E+01 0.000000000000E+00 0.440499401093E+01 0.919878768921E+01 0.548846578598E+01 0.372990822792E+01 0.000000000000E+00 0.372990822792E+01 0.000000000000E+00 0.145316066742E+02 0.595006465912E+01 0.573395729065E+01 0.573395729065E+01 0.372990822792E+01 0.485520124435E+01 0.000000000000E+00 0.437671709061E+01 0.372990822792E+01 0.000000000000E+00 0.372990822792E+01 0.440499401093E+01 0.115498323441E+02 0.372990822792E+01 0.000000000000E+00 0.372990822792E+01
0.000000000000E+00 0.000000000000E+00 0.000000000000E+00 0.000000000000E+00 0.372990822792E+01 0.000000000000E+00 0.440499401093E+01 0.000000000000E+00 0.000000000000E+00 0.000000000000E+00 0.756134414673E+01 0.631998920441E+01 0.725582742691E+01 0.440499401093E+01 0.000000000000E+00 0.573395729065E+01 0.000000000000E+00 0.000000000000E+00 0.000000000000E+00 0.372990822792E+01 0.000000000000E+00 0.000000000000E+00 0.000000000000E+00 0.440499401093E+01 0.000000000000E+00 0.000000000000E+00 0.372990822792E+01 0.145556793213E+02 0.372990822792E+01 0.372990822792E+01 0.595006465912E+01 0.000000000000E+00 0.000000000000E+00 0.000000000000E+00 0.000000000000E+00 0.520226573944E+01 0.372990822792E+01 0.372990822792E+01 0.520226573944E+01 0.116483831406E+02 0.485520124435E+01 0.440499401093E+01 0.372990822792E+01
0.000000000000E+00 0.000000000000E+00 0.000000000000E+00 0.372990822792E+01 0.000000000000E+00 0.000000000000E+00 0.799740028381E+01 0.000000000000E+00 0.372990822792E+01 0.648183774948E+01 0.783212471008E+01 0.648183774948E+01 0.736217069626E+01 0.485520124435E+01 0.372990822792E+01 0.614383792877E+01 0.372990822792E+01 0.807613849640E+01 0.614383792877E+01 0.520226573944E+01 0.372990822792E+01 0.690310621262E+01 0.929970455170E+01 0.648183774948E+01 0.000000000000E+00 0.000000000000E+00 0.112370052338E+02 0.145676679611E+02 0.372990822792E+01 0.440499401093E+01 0.648183774948E+01 0.000000000000E+00 0.000000000000E+00 0.438671684265E+01 0.372990822792E+01 0.000000000000E+00 0.372990822792E+01 0.372990822792E+01 0.548846578598E+01 0.000000000000E+00 0.000000000000E+00 0.372990822792E+01 0.000000000000E+00
0.000000000000E+00 0.000000000000E+00 0.000000000000E+00 0.440499401093E+01 0.372990822792E+01 0.000000000000E+00 0.822669601440E+01 0.372990822792E+01 0.440499401093E+01 0.663181495667E+01 0.791612815857E+01 0.000000000000E+00 0.000000000000E+00 0.000000000000E+00 0.000000000000E+00 0.000000000000E+00 0.440499401093E+01 0.815251731873E+01 0.631998920441E+01 0.548846578598E+01 0.000000000000E+00 0.702698230743E+01 0.934888935089E+01 0.000000000000E+00 0.000000000000E+00 0.000000000000E+00 0.112910747528E+02 0.145796260834E+02 0.000000000000E+00 0.000000000000E+00 0.442923498154E+01 0.439829254150E+01 0.485520124435E+01 0.372990822792E+01 0.000000000000E+00 0.372990822792E+01 0.000000000000E+00 0.440499401093E+01 0.118147497177E+02 0.000000000000E+00 0.000000000000E+00 0.677176141739E+01 0.000000000000E+00
0.000000000000E+00 0.372990822792E+01 0.000000000000E+00 0.520226573944E+01 0.372990822792E+01 0.000000000000E+00 0.850403308868E+01 0.000000000000E+00 0.000000000000E+00 0.677176141739E+01 0.799740028381E+01 0.372990822792E+01 0.677176141739E+01 0.756134414673E+01 0.548846578598E+01 0.485520124435E+01 0.677176141739E+01 0.822669601440E+01 0.000000000000E+00 0.000000000000E+00 0.372990822792E+01 0.736217069626E+01 0.992436313629E+01 0.000000000000E+00 0.440499401093E+01 0.000000000000E+00 0.000000000000E+00 0.484720945358E+01 0.443726491928E+01 0.372990822792E+01 0.372990822792E+01 0.000000000000E+00 0.000000000000E+00 0.000000000000E+00 0.372990822792E+01 0.000000000000E+00 0.372990822792E+01 0.000000000000E+00 0.119065818787E+02 0.000000000000E+00 0.595006465912E+01 0.573395729065E+01 0.372990822792E+01
0.372990822792E+01 0.440499401093E+01 0.000000000000E+00 0.595006465912E+01 0.000000000000E+00 0.000000000000E+00 0.881476497650E+01 0.000000000000E+00 0.372990822792E+01 0.000000000000E+00 0.807613849640E+01 0.440499401093E+01 0.690310621262E+01 0.000000000000E+00 0.573395729065E+01 0.520226573944E+01 0.690310621262E+01 0.000000000000E+00 0.372990822792E+01 0.000000000000E+00 0.614383792877E+01 0.746386098862E+01 0.000000000000E+00 0.372990822792E+01 0.000000000000E+00 0.000000000000E+00 0.372990822792E+01 0.000000000000E+00 0.372990822792E+01 0.372990822792E+01 0.372990822792E+01 0.372990822792E+01 0.000000000000E+00 0.372990822792E+01 0.372990822792E+01 0.372990822792E+01 0.000000000000E+00 0.372990822792E+01 0.126091833115E+02 0.548846578598E+01 0.520226573944E+01 0.440499401093E+01 0.372990822792E+01
0.000000000000E+00 0.372990822792E+01 0.440499401093E+01 0.000000000000E+00 0.000000000000E+00 0.000000000000E+00 0.904050159454E+01 0.372990822792E+01 0.000000000000E+00 0.000000000000E+00 0.914698505402E+01 0.000000000000E+00 0.000000000000E+00 0.000000000000E+00 0.000000000000E+00 0.000000000000E+00 0.000000000000E+00 0.372990822792E+01 0.843737316132E+01 0.372990822792E+01 0.765500259399E+01 0.107715177536E+02 0.000000000000E+00 0.520226573944E+01 0.000000000000E+00 0.000000000000E+00 0.000000000000E+00 0.372990822792E+01 0.000000000000E+00 0.440499401093E+01 0.440499401093E+01 0.000000000000E+00 0.372990822792E+01 0.000000000000E+00 0.000000000000E+00 0.440499401093E+01 0.000000000000E+00 0.614383792877E+01 0.000000000000E+00 0.440499401093E+01 0.372990822792E+01 0.000000000000E+00 0.756134414673E+01
0.000000000000E+00 0.440499401093E+01 0.372990822792E+01 0.440499401093E+01 0.000000000000E+00 0.000000000000E+00 0.919878768921E+01 0.000000000000E+00 0.372990822792E+01 0.485520124435E+01 0.924968147278E+01 0.372990822792E+01 0.520226573944E+01 0.714430618286E+01 0.440499401093E+01 0.829881477356E+01 0.573395729065E+01 0.725582742691E+01 0.850403308868E+01 0.440499401093E+01 0.774516677856E+01 0.108332481384E+02 0.372990822792E+01 0.000000000000E+00 0.440499401093E+01 0.497270631790E+01 0.372990822792E+01 0.372990822792E+01 0.372990822792E+01 0.520226573944E+01 0.573395729065E+01 0.000000000000E+00 0.000000000000E+00 0.000000000000E+00 0.372990822792E+01 0.485520124435E+01 0.372990822792E+01 0.000000000000E+00 0.000000000000E+00 0.440499401093E+01 0.372990822792E+01 0.372990822792E+01 0.000000000000E+00
0.000000000000E+00 0.000000000000E+00 0.372990822792E+01 0.440499401093E+01 0.485520124435E+01 0.000000000000E+00 0.944487094879E+01 0.372990822792E+01 0.000000000000E+00 0.520226573944E+01 0.000000000000E+00 0.000000000000E+00 0.548846578598E+01 0.000000000000E+00 0.485520124435E+01 0.000000000000E+00 0.000000000000E+00 0.736217069626E+01 0.856907939911E+01 0.485520124435E+01 0.783212471008E+01 0.108637008667E+02 0.663181495667E+01 0.000000000000E+00 0.372990822792E+01 0.497382259369E+01 0.000000000000E+00 0.440499401093E+01 0.440499401093E+01 0.548846578598E+01 0.614383792877E+01 0.000000000000E+00 0.000000000000E+00 0.000000000000E+00 0.440499401093E+01 0.000000000000E+00 0.000000000000E+00 0.595006465912E+01 0.485520124435E+01 0.440499401093E+01 0.372990822792E+01 0.440499401093E+01 0.372990822792E+01
0.000000000000E+00 0.000000000000E+00 0.000000000000E+00 0.372990822792E+01 0.372990822792E+01 0.440499401093E+01 0.103752880096E+02 0.372990822792E+01 0.372990822792E+01 0.595006465912E+01 0.372990822792E+01 0.934888935089E+01 0.614383792877E+01 0.372990822792E+01 0.736217069626E+01 0.372990822792E+01 0.863259792328E+01 0.807613849640E+01 0.863259792328E+01 0.520226573944E+01 0.791612815857E+01 0.108938846588E+02 0.690310621262E+01 0.000000000000E+00 0.000000000000E+00 0.497716569901E+01 0.372990822792E+01 0.485520124435E+01 0.485520124435E+01 0.000000000000E+00 0.000000000000E+00 0.548846578598E+01 0.000000000000E+00 0.000000000000E+00 0.000000000000E+00 0.000000000000E+00 0.000000000000E+00 0.000000000000E+00 0.372990822792E+01 0.000000000000E+00 0.000000000000E+00 0.000000000000E+00 0.503723669052E+01
0.000000000000E+00 0.000000000000E+00 0.000000000000E+00 0.614383792877E+01 0.000000000000E+00 0.372990822792E+01 0.000000000000E+00 0.000000000000E+00 0.000000000000E+00 0.000000000000E+00 0.440499401093E+01 0.939726829529E+01 0.631998920441E+01 0.440499401093E+01 0.746386098862E+01 0.440499401093E+01 0.000000000000E+00 0.815251731873E+01 0.869466972351E+01 0.548846578598E+01 0.799740028381E+01 0.109238061905E+02 0.000000000000E+00 0.485520124435E+01 0.372990822792E+01 0.497827863693E+01 0.440499401093E+01 0.000000000000E+00 0.000000000000E+00 0.765500259399E+01 0.372990822792E+01 0.000000000000E+00 0.000000000000E+00 0.000000000000E+00 0.130393047333E+02 0.000000000000E+00 0.372990822792E+01 0.372990822792E+01 0.520226573944E+01 0.000000000000E+00 0.000000000000E+00 0.372990822792E+01 0.372990822792E+01
0.372990822792E+01 0.000000000000E+00 0.548846578598E+01 0.000000000000E+00 0.372990822792E+01 0.000000000000E+00 0.000000000000E+00 0.000000000000E+00 0.485520124435E+01 0.485520124435E+01 0.663181495667E+01 0.000000000000E+00 0.000000000000E+00 0.000000000000E+00 0.000000000000E+00 0.000000000000E+00 0.372990822792E+01 0.100040836334E+02 0.875536918640E+01 0.000000000000E+00 0.000000000000E+00 0.113706722260E+02 0.000000000000E+00 0.000000000000E+00 0.440499401093E+01 0.000000000000E+00 0.100818414688E+02 0.980083942413E+01 0.807613849640E+01 0.799740028381E+01 0.746386098862E+01 0.690310621262E+01 0.648183774948E+01 0.372990822792E+01 0.131067810059E+02 0.372990822792E+01 0.440499401093E+01 0.440499401093E+01 0.595006465912E+01 0.000000000000E+00 0.372990822792E+01 0.000000000000E+00 0.548846578598E+01
0.000000000000E+00 0.372990822792E+01 0.520226573944E+01 0.548846578598E+01 0.774516677856E+01 0.372990822792E+01 0.000000000000E+00 0.440499401093E+01 0.105792751312E+02 0.000000000000E+00 0.677176141739E+01 0.372990822792E+01 0.949172592163E+01 0.663181495667E+01 0.520226573944E+01 0.765500259399E+01 0.548846578598E+01 0.100432014465E+02 0.914698505402E+01 0.000000000000E+00 0.000000000000E+00 0.114227733612E+02 0.548846578598E+01 0.372990822792E+01 0.000000000000E+00 0.372990822792E+01 0.000000000000E+00 0.372990822792E+01 0.000000000000E+00 0.440499401093E+01 0.000000000000E+00 0.485520124435E+01 0.440499401093E+01 0.372990822792E+01 0.131234788895E+02 0.372990822792E+01 0.485520124435E+01 0.485520124435E+01 0.505217075348E+01 0.631998920441E+01 0.614383792877E+01 0.372990822792E+01 0.000000000000E+00
