prepro/dtm_Ws1_sf_1
north:     0
south:           0.00000000
east:      0
west:            0.00000000
rows:    246
cols:    130
[rows 95 to 113 of 246, columns 43 to 85 of 130]
0.000000000000E+00 0.725582742691E+01 0.000000000000E+00 0.372990822792E+01 0.000000000000E+00 0.118147497177E+02 0.372990822792E+01 0.440499401093E+01 0.000000000000E+00 0.685313987732E+01 0.440499401093E+01 0.372990822792E+01 0.000000000000E+00 0.372990822792E+01 0.736217069626E+01 0.000000000000E+00 0.564187479019E+01 0.548846578598E+01 0.440499401093E+01 0.372990822792E+01 0.372990822792E+01 0.000000000000E+00 0.836900234222E+01 0.372990822792E+01 0.440499401093E+01 0.548846578598E+01 0.000000000000E+00 0.000000000000E+00 0.000000000000E+00 0.756134414673E+01 0.746386098862E+01 0.736217069626E+01 0.725582742691E+01 0.677176141739E+01 0.663181495667E+01 0.631998920441E+01 0.485520124435E+01 0.614383792877E+01 0.595006465912E+01 0.000000000000E+00 0.000000000000E+00 0.000000000000E+00 0.000000000000E+00
0.372990822792E+01 0.756134414673E+01 0.372990822792E+01 0.000000000000E+00 0.372990822792E+01 0.000000000000E+00 0.440499401093E+01 0.372990822792E+01 0.440499401093E+01 0.000000000000E+00 0.372990822792E+01 0.000000000000E+00 0.372990822792E+01 0.000000000000E+00 0.566566753387E+01 0.000000000000E+00 0.372990822792E+01 0.000000000000E+00 0.000000000000E+00 0.372990822792E+01 0.000000000000E+00 0.000000000000E+00 0.000000000000E+00 0.000000000000E+00 0.000000000000E+00 0.000000000000E+00 0.105461368561E+02 0.875536918640E+01 0.702698230743E+01 0.690310621262E+01 0.677176141739E+01 0.663181495667E+01 0.648183774948E+01 0.000000000000E+00 0.440499401093E+01 0.372990822792E+01 0.000000000000E+00 0.000000000000E+00 0.520226573944E+01 0.000000000000E+00 0.485520124435E+01 0.000000000000E+00 0.485520124435E+01
0.372990822792E+01 0.765500259399E+01 0.372990822792E+01 0.372990822792E+01 0.548846578598E+01 0.000000000000E+00 0.000000000000E+00 0.372990822792E+01 0.440499401093E+01 0.000000000000E+00 0.685717916489E+01 0.372990822792E+01 0.000000000000E+00 0.372990822792E+01 0.000000000000E+00 0.440499401093E+01 0.372990822792E+01 0.000000000000E+00 0.372990822792E+01 0.520226573944E+01 0.440499401093E+01 0.850403308868E+01 0.000000000000E+00 0.520226573944E+01 0.000000000000E+00 0.000000000000E+00 0.372990822792E+01 0.000000000000E+00 0.663181495667E+01 0.595006465912E+01 0.573395729065E+01 0.548846578598E+01 0.372990822792E+01 0.000000000000E+00 0.614383792877E+01 0.485520124435E+01 0.372990822792E+01 0.000000000000E+00 0.000000000000E+00 0.000000000000E+00 0.000000000000E+00 0.000000000000E+00 0.000000000000E+00
0.000000000000E+00 0.774516677856E+01 0.440499401093E+01 0.440499401093E+01 0.000000000000E+00 0.000000000000E+00 0.000000000000E+00 0.000000000000E+00 0.000000000000E+00 0.372990822792E+01 0.000000000000E+00 0.520226573944E+01 0.000000000000E+00 0.567450904846E+01 0.000000000000E+00 0.372990822792E+01 0.440499401093E+01 0.000000000000E+00 0.000000000000E+00 0.000000000000E+00 0.485520124435E+01 0.875536918640E+01 0.000000000000E+00 0.111543235779E+02 0.520226573944E+01 0.372990822792E+01 0.000000000000E+00 0.440499401093E+01 0.372990822792E+01 0.000000000000E+00 0.440499401093E+01 0.372990822792E+01 0.000000000000E+00 0.440499401093E+01 0.485520124435E+01 0.000000000000E+00 0.000000000000E+00 0.372990822792E+01 0.000000000000E+00 0.372990822792E+01 0.000000000000E+00 0.372990822792E+01 0.372990822792E+01
0.372990822792E+01 0.799740028381E+01 0.485520124435E+01 0.485520124435E+01 0.372990822792E+01 0.440499401093E+01 0.000000000000E+00 0.000000000000E+00 0.119962234497E+02 0.372990822792E+01 0.000000000000E+00 0.686201667786E+01 0.000000000000E+00 0.567671251297E+01 0.000000000000E+00 0.000000000000E+00 0.520226573944E+01 0.000000000000E+00 0.573395729065E+01 0.372990822792E+01 0.000000000000E+00 0.887292003632E+01 0.000000000000E+00 0.000000000000E+00 0.372990822792E+01 0.000000000000E+00 0.000000000000E+00 0.000000000000E+00 0.614383792877E+01 0.595006465912E+01 0.573395729065E+01 0.548846578598E+01 0.440499401093E+01 0.372990822792E+01 0.000000000000E+00 0.000000000000E+00 0.372990822792E+01 0.372990822792E+01 0.000000000000E+00 0.372990822792E+01 0.000000000000E+00 0.372990822792E+01 0.372990822792E+01
0.440499401093E+01 0.807613849640E+01 0.520226573944E+01 0.000000000000E+00 0.000000000000E+00 0.485520124435E+01 0.000000000000E+00 0.485520124435E+01 0.121905050278E+02 0.000000000000E+00 0.372990822792E+01 0.686402893066E+01 0.000000000000E+00 0.567817974091E+01 0.440499401093E+01 0.000000000000E+00 0.614383792877E+01 0.000000000000E+00 0.595006465912E+01 0.573395729065E+01 0.372990822792E+01 0.000000000000E+00 0.000000000000E+00 0.000000000000E+00 0.000000000000E+00 0.702698230743E+01 0.677176141739E+01 0.440499401093E+01 0.372990822792E+01 0.000000000000E+00 0.440499401093E+01 0.372990822792E+01 0.000000000000E+00 0.372990822792E+01 0.372990822792E+01 0.372990822792E+01 0.372990822792E+01 0.485520124435E+01 0.372990822792E+01 0.485520124435E+01 0.000000000000E+00 0.000000000000E+00 0.000000000000E+00
0.595006465912E+01 0.815251731873E+01 0.548846578598E+01 0.372990822792E+01 0.000000000000E+00 0.000000000000E+00 0.000000000000E+00 0.548846578598E+01 0.000000000000E+00 0.372990822792E+01 0.485520124435E+01 0.000000000000E+00 0.372990822792E+01 0.567964601517E+01 0.000000000000E+00 0.000000000000E+00 0.648183774948E+01 0.000000000000E+00 0.000000000000E+00 0.595006465912E+01 0.000000000000E+00 0.119962234497E+02 0.843737316132E+01 0.829881477356E+01 0.614383792877E+01 0.595006465912E+01 0.573395729065E+01 0.548846578598E+01 0.520226573944E+01 0.000000000000E+00 0.440499401093E+01 0.372990822792E+01 0.000000000000E+00 0.372990822792E+01 0.000000000000E+00 0.000000000000E+00 0.440499401093E+01 0.573395729065E+01 0.440499401093E+01 0.000000000000E+00 0.000000000000E+00 0.000000000000E+00 0.000000000000E+00
0.631998920441E+01 0.000000000000E+00 0.573395729065E+01 0.440499401093E+01 0.372990822792E+01 0.573395729065E+01 0.595006465912E+01 0.000000000000E+00 0.372990822792E+01 0.000000000000E+00 0.000000000000E+00 0.000000000000E+00 0.686644124985E+01 0.000000000000E+00 0.000000000000E+00 0.372990822792E+01 0.000000000000E+00 0.372990822792E+01 0.372990822792E+01 0.000000000000E+00 0.485520124435E+01 0.440499401093E+01 0.372990822792E+01 0.000000000000E+00 0.000000000000E+00 0.000000000000E+00 0.000000000000E+00 0.000000000000E+00 0.614383792877E+01 0.520226573944E+01 0.485520124435E+01 0.440499401093E+01 0.372990822792E+01 0.520226573944E+01 0.485520124435E+01 0.372990822792E+01 0.485520124435E+01 0.000000000000E+00 0.000000000000E+00 0.000000000000E+00 0.440499401093E+01 0.372990822792E+01 0.372990822792E+01
0.892989253998E+01 0.372990822792E+01 0.000000000000E+00 0.000000000000E+00 0.440499401093E+01 0.000000000000E+00 0.000000000000E+00 0.000000000000E+00 0.520226573944E+01 0.000000000000E+00 0.123553295135E+02 0.000000000000E+00 0.751341009140E+01 0.000000000000E+00 0.372990822792E+01 0.000000000000E+00 0.372990822792E+01 0.440499401093E+01 0.131731748581E+02 0.000000000000E+00 0.000000000000E+00 0.000000000000E+00 0.000000000000E+00 0.000000000000E+00 0.000000000000E+00 0.000000000000E+00 0.648183774948E+01 0.000000000000E+00 0.372990822792E+01 0.000000000000E+00 0.372990822792E+01 0.000000000000E+00 0.000000000000E+00 0.548846578598E+01 0.520226573944E+01 0.440499401093E+01 0.663181495667E+01 0.000000000000E+00 0.000000000000E+00 0.372990822792E+01 0.000000000000E+00 0.000000000000E+00 0.440499401093E+01
0.904050159454E+01 0.440499401093E+01 0.372990822792E+01 0.614383792877E+01 0.520226573944E+01 0.372990822792E+01 0.000000000000E+00 0.000000000000E+00 0.000000000000E+00 0.000000000000E+00 0.000000000000E+00 0.372990822792E+01 0.000000000000E+00 0.372990822792E+01 0.714430618286E+01 0.372990822792E+01 0.000000000000E+00 0.485520124435E+01 0.000000000000E+00 0.000000000000E+00 0.000000000000E+00 0.000000000000E+00 0.000000000000E+00 0.485520124435E+01 0.000000000000E+00 0.000000000000E+00 0.000000000000E+00 0.372990822792E+01 0.000000000000E+00 0.372990822792E+01 0.485520124435E+01 0.000000000000E+00 0.372990822792E+01 0.573395729065E+01 0.548846578598E+01 0.000000000000E+00 0.756134414673E+01 0.573395729065E+01 0.372990822792E+01 0.548846578598E+01 0.485520124435E+01 0.372990822792E+01 0.714430618286E+01
0.117443618774E+02 0.485520124435E+01 0.440499401093E+01 0.000000000000E+00 0.000000000000E+00 0.000000000000E+00 0.000000000000E+00 0.000000000000E+00 0.000000000000E+00 0.000000000000E+00 0.440499401093E+01 0.485520124435E+01 0.520226573944E+01 0.000000000000E+00 0.725582742691E+01 0.000000000000E+00 0.000000000000E+00 0.000000000000E+00 0.573395729065E+01 0.485520124435E+01 0.000000000000E+00 0.520226573944E+01 0.000000000000E+00 0.736217069626E+01 0.000000000000E+00 0.548846578598E+01 0.372990822792E+01 0.000000000000E+00 0.000000000000E+00 0.000000000000E+00 0.595006465912E+01 0.000000000000E+00 0.000000000000E+00 0.000000000000E+00 0.631998920441E+01 0.372990822792E+01 0.000000000000E+00 0.595006465912E+01 0.440499401093E+01 0.573395729065E+01 0.000000000000E+00 0.440499401093E+01 0.000000000000E+00
0.117679729462E+02 0.520226573944E+01 0.485520124435E+01 0.000000000000E+00 0.000000000000E+00 0.573395729065E+01 0.000000000000E+00 0.000000000000E+00 0.677176141739E+01 0.663181495667E+01 0.648183774948E+01 0.372990822792E+01 0.440499401093E+01 0.000000000000E+00 0.756777477264E+01 0.000000000000E+00 0.000000000000E+00 0.736217069626E+01 0.648183774948E+01 0.631998920441E+01 0.485520124435E+01 0.440499401093E+01 0.000000000000E+00 0.000000000000E+00 0.000000000000E+00 0.372990822792E+01 0.548846578598E+01 0.000000000000E+00 0.000000000000E+00 0.000000000000E+00 0.000000000000E+00 0.485520124435E+01 0.614383792877E+01 0.000000000000E+00 0.000000000000E+00 0.836900234222E+01 0.000000000000E+00 0.372990822792E+01 0.485520124435E+01 0.663181495667E+01 0.372990822792E+01 0.756134414673E+01 0.548846578598E+01
0.000000000000E+00 0.548846578598E+01 0.520226573944E+01 0.372990822792E+01 0.000000000000E+00 0.736217069626E+01 0.000000000000E+00 0.000000000000E+00 0.000000000000E+00 0.677176141739E+01 0.000000000000E+00 0.372990822792E+01 0.000000000000E+00 0.372990822792E+01 0.763504266739E+01 0.136549882889E+02 0.000000000000E+00 0.372990822792E+01 0.000000000000E+00 0.548846578598E+01 0.520226573944E+01 0.000000000000E+00 0.815251731873E+01 0.000000000000E+00 0.372990822792E+01 0.440499401093E+01 0.000000000000E+00 0.000000000000E+00 0.000000000000E+00 0.000000000000E+00 0.000000000000E+00 0.000000000000E+00 0.000000000000E+00 0.000000000000E+00 0.000000000000E+00 0.000000000000E+00 0.372990822792E+01 0.440499401093E+01 0.000000000000E+00 0.000000000000E+00 0.440499401093E+01 0.000000000000E+00 0.000000000000E+00
0.372990822792E+01 0.119962234497E+02 0.548846578598E+01 0.372990822792E+01 0.000000000000E+00 0.000000000000E+00 0.000000000000E+00 0.440499401093E+01 0.595006465912E+01 0.725582742691E+01 0.000000000000E+00 0.807613849640E+01 0.000000000000E+00 0.372990822792E+01 0.763647842407E+01 0.485520124435E+01 0.000000000000E+00 0.372990822792E+01 0.000000000000E+00 0.372990822792E+01 0.000000000000E+00 0.372990822792E+01 0.000000000000E+00 0.372990822792E+01 0.372990822792E+01 0.000000000000E+00 0.000000000000E+00 0.000000000000E+00 0.000000000000E+00 0.000000000000E+00 0.000000000000E+00 0.663181495667E+01 0.677176141739E+01 0.440499401093E+01 0.863259792328E+01 0.000000000000E+00 0.000000000000E+00 0.595006465912E+01 0.714430618286E+01 0.372990822792E+01 0.774516677856E+01 0.595006465912E+01 0.520226573944E+01
0.934888935089E+01 0.120183057785E+02 0.000000000000E+00 0.440499401093E+01 0.000000000000E+00 0.000000000000E+00 0.000000000000E+00 0.440499401093E+01 0.000000000000E+00 0.736217069626E+01 0.000000000000E+00 0.000000000000E+00 0.000000000000E+00 0.440499401093E+01 0.763733911514E+01 0.000000000000E+00 0.887292003632E+01 0.881476497650E+01 0.850403308868E+01 0.843737316132E+01 0.000000000000E+00 0.573395729065E+01 0.372990822792E+01 0.000000000000E+00 0.690310621262E+01 0.000000000000E+00 0.520226573944E+01 0.548846578598E+01 0.000000000000E+00 0.573395729065E+01 0.372990822792E+01 0.000000000000E+00 0.690310621262E+01 0.000000000000E+00 0.875536918640E+01 0.440499401093E+01 0.372990822792E+01 0.614383792877E+01 0.000000000000E+00 0.000000000000E+00 0.000000000000E+00 0.000000000000E+00 0.000000000000E+00
0.000000000000E+00 0.120402612686E+02 0.000000000000E+00 0.631998920441E+01 0.000000000000E+00 0.000000000000E+00 0.485520124435E+01 0.000000000000E+00 0.000000000000E+00 0.815251731873E+01 0.000000000000E+00 0.000000000000E+00 0.000000000000E+00 0.000000000000E+00 0.764992952347E+01 0.485520124435E+01 0.440499401093E+01 0.372990822792E+01 0.000000000000E+00 0.372990822792E+01 0.372990822792E+01 0.614383792877E+01 0.000000000000E+00 0.000000000000E+00 0.000000000000E+00 0.000000000000E+00 0.548846578598E+01 0.000000000000E+00 0.372990822792E+01 0.000000000000E+00 0.000000000000E+00 0.000000000000E+00 0.000000000000E+00 0.000000000000E+00 0.881476497650E+01 0.000000000000E+00 0.000000000000E+00 0.000000000000E+00 0.000000000000E+00 0.791612815857E+01 0.631998920441E+01 0.000000000000E+00 0.000000000000E+00
0.000000000000E+00 0.000000000000E+00 0.000000000000E+00 0.663181495667E+01 0.372990822792E+01 0.000000000000E+00 0.485520124435E+01 0.520226573944E+01 0.836900234222E+01 0.000000000000E+00 0.372990822792E+01 0.000000000000E+00 0.485520124435E+01 0.856907939911E+01 0.766075038910E+01 0.485520124435E+01 0.440499401093E+01 0.372990822792E+01 0.372990822792E+01 0.000000000000E+00 0.440499401093E+01 0.690310621262E+01 0.440499401093E+01 0.829881477356E+01 0.000000000000E+00 0.000000000000E+00 0.000000000000E+00 0.631998920441E+01 0.614383792877E+01 0.000000000000E+00 0.000000000000E+00 0.746386098862E+01 0.000000000000E+00 0.000000000000E+00 0.904050159454E+01 0.000000000000E+00 0.815251731873E+01 0.520226573944E+01 0.000000000000E+00 0.000000000000E+00 0.725582742691E+01 0.573395729065E+01 0.000000000000E+00
0.000000000000E+00 0.000000000000E+00 0.000000000000E+00 0.000000000000E+00 0.440499401093E+01 0.000000000000E+00 0.000000000000E+00 0.000000000000E+00 0.000000000000E+00 0.000000000000E+00 0.843737316132E+01 0.000000000000E+00 0.000000000000E+00 0.372990822792E+01 0.000000000000E+00 0.440499401093E+01 0.372990822792E+01 0.000000000000E+00 0.000000000000E+00 0.000000000000E+00 0.520226573944E+01 0.000000000000E+00 0.000000000000E+00 0.000000000000E+00 0.799740028381E+01 0.783212471008E+01 0.372990822792E+01 0.000000000000E+00 0.756134414673E+01 0.485520124435E+01 0.000000000000E+00 0.000000000000E+00 0.000000000000E+00 0.000000000000E+00 0.000000000000E+00 0.000000000000E+00 0.822669601440E+01 0.573395729065E+01 0.000000000000E+00 0.000000000000E+00 0.000000000000E+00 0.614383792877E+01 0.000000000000E+00
0.372990822792E+01 0.690310621262E+01 0.000000000000E+00 0.000000000000E+00 0.000000000000E+00 0.372990822792E+01 0.440499401093E+01 0.000000000000E+00 0.573395729065E+01 0.000000000000E+00 0.000000000000E+00 0.000000000000E+00 0.000000000000E+00 0.766358995438E+01 0.440499401093E+01 0.372990822792E+01 0.000000000000E+00 0.485520124435E+01 0.000000000000E+00 0.372990822792E+01 0.765500259399E+01 0.000000000000E+00 0.000000000000E+00 0.000000000000E+00 0.372990822792E+01 0.000000000000E+00 0.000000000000E+00 0.000000000000E+00 0.000000000000E+00 0.000000000000E+00 0.000000000000E+00 0.000000000000E+00 0.000000000000E+00 0.000000000000E+00 0.000000000000E+00 0.000000000000E+00 0.000000000000E+00 0.856907939911E+01 0.440499401093E+01 0.000000000000E+00 0.000000000000E+00 0.000000000000E+00 0.440499401093E+01
