prepro/dtm_Ws1_sf_1
north:     0
south:           0.00000000
east:      0
west:            0.00000000
rows:    246
cols:    130
[rows 171 to 189 of 246, columns 0 to 42 of 130]
0.000000000000E+00 0.000000000000E+00 0.000000000000E+00 0.000000000000E+00 0.000000000000E+00 0.000000000000E+00 0.000000000000E+00 0.648183774948E+01 0.702698230743E+01 0.725582742691E+01 0.000000000000E+00 0.000000000000E+00 0.548846578598E+01 0.393937540054E+01 0.000000000000E+00 0.372990822792E+01 0.702698230743E+01 0.573395729065E+01 0.440499401093E+01 0.614383792877E+01 0.000000000000E+00 0.372990822792E+01 0.000000000000E+00 0.000000000000E+00 0.000000000000E+00 0.372990822792E+01 0.000000000000E+00 0.000000000000E+00 0.372990822792E+01 0.000000000000E+00 0.117443618774E+02 0.440499401093E+01 0.104788532257E+02 0.702698230743E+01 0.440499401093E+01 0.000000000000E+00 0.372990822792E+01 0.372990822792E+01 0.000000000000E+00 0.372990822792E+01 0.848154067993E+01 0.485520124435E+01 0.440499401093E+01
0.000000000000E+00 0.000000000000E+00 0.000000000000E+00 0.000000000000E+00 0.000000000000E+00 0.440499401093E+01 0.000000000000E+00 0.000000000000E+00 0.000000000000E+00 0.000000000000E+00 0.372990822792E+01 0.000000000000E+00 0.440499401093E+01 0.485520124435E+01 0.372990822792E+01 0.000000000000E+00 0.714430618286E+01 0.595006465912E+01 0.485520124435E+01 0.000000000000E+00 0.000000000000E+00 0.000000000000E+00 0.000000000000E+00 0.485520124435E+01 0.000000000000E+00 0.372990822792E+01 0.372990822792E+01 0.110409698486E+02 0.000000000000E+00 0.372990822792E+01 0.118379192352E+02 0.485520124435E+01 0.105126657486E+02 0.714430618286E+01 0.485520124435E+01 0.000000000000E+00 0.485520124435E+01 0.000000000000E+00 0.000000000000E+00 0.663181495667E+01 0.000000000000E+00 0.485520124435E+01 0.440499401093E+01
0.000000000000E+00 0.000000000000E+00 0.000000000000E+00 0.000000000000E+00 0.000000000000E+00 0.000000000000E+00 0.000000000000E+00 0.548846578598E+01 0.000000000000E+00 0.372990822792E+01 0.000000000000E+00 0.000000000000E+00 0.372990822792E+01 0.440499401093E+01 0.791612815857E+01 0.799740028381E+01 0.407427930832E+01 0.000000000000E+00 0.000000000000E+00 0.440499401093E+01 0.000000000000E+00 0.372990822792E+01 0.520226573944E+01 0.573395729065E+01 0.595006465912E+01 0.702698230743E+01 0.372990822792E+01 0.440499401093E+01 0.000000000000E+00 0.111821002960E+02 0.000000000000E+00 0.520226573944E+01 0.105461368561E+02 0.725582742691E+01 0.520226573944E+01 0.372990822792E+01 0.000000000000E+00 0.372990822792E+01 0.573395729065E+01 0.000000000000E+00 0.690310621262E+01 0.648183774948E+01 0.595006465912E+01
0.000000000000E+00 0.000000000000E+00 0.000000000000E+00 0.372990822792E+01 0.000000000000E+00 0.000000000000E+00 0.000000000000E+00 0.000000000000E+00 0.485520124435E+01 0.548846578598E+01 0.648183774948E+01 0.725582742691E+01 0.756134414673E+01 0.000000000000E+00 0.372990822792E+01 0.440499401093E+01 0.000000000000E+00 0.372990822792E+01 0.000000000000E+00 0.774516677856E+01 0.372990822792E+01 0.372990822792E+01 0.000000000000E+00 0.000000000000E+00 0.000000000000E+00 0.714430618286E+01 0.372990822792E+01 0.000000000000E+00 0.372990822792E+01 0.548846578598E+01 0.573395729065E+01 0.000000000000E+00 0.105792751312E+02 0.736217069626E+01 0.548846578598E+01 0.000000000000E+00 0.372990822792E+01 0.000000000000E+00 0.848935127258E+01 0.372990822792E+01 0.372990822792E+01 0.000000000000E+00 0.000000000000E+00
0.000000000000E+00 0.000000000000E+00 0.000000000000E+00 0.000000000000E+00 0.440499401093E+01 0.000000000000E+00 0.000000000000E+00 0.000000000000E+00 0.000000000000E+00 0.000000000000E+00 0.000000000000E+00 0.000000000000E+00 0.520226573944E+01 0.548846578598E+01 0.573395729065E+01 0.000000000000E+00 0.000000000000E+00 0.000000000000E+00 0.000000000000E+00 0.415954160690E+01 0.000000000000E+00 0.000000000000E+00 0.000000000000E+00 0.000000000000E+00 0.000000000000E+00 0.000000000000E+00 0.440499401093E+01 0.372990822792E+01 0.440499401093E+01 0.000000000000E+00 0.372990822792E+01 0.372990822792E+01 0.147783164978E+02 0.000000000000E+00 0.000000000000E+00 0.000000000000E+00 0.000000000000E+00 0.372990822792E+01 0.000000000000E+00 0.372990822792E+01 0.372990822792E+01 0.372990822792E+01 0.372990822792E+01
0.000000000000E+00 0.000000000000E+00 0.000000000000E+00 0.000000000000E+00 0.372990822792E+01 0.440499401093E+01 0.485520124435E+01 0.372990822792E+01 0.000000000000E+00 0.000000000000E+00 0.000000000000E+00 0.000000000000E+00 0.372990822792E+01 0.614383792877E+01 0.631998920441E+01 0.648183774948E+01 0.663181495667E+01 0.000000000000E+00 0.440499401093E+01 0.417127990723E+01 0.372990822792E+01 0.372990822792E+01 0.485520124435E+01 0.000000000000E+00 0.000000000000E+00 0.485520124435E+01 0.000000000000E+00 0.000000000000E+00 0.485520124435E+01 0.372990822792E+01 0.485520124435E+01 0.440499401093E+01 0.147897434235E+02 0.000000000000E+00 0.000000000000E+00 0.000000000000E+00 0.440499401093E+01 0.000000000000E+00 0.124351959229E+02 0.124153814316E+02 0.123553295135E+02 0.122531385422E+02 0.122114963531E+02
0.000000000000E+00 0.000000000000E+00 0.000000000000E+00 0.000000000000E+00 0.000000000000E+00 0.372990822792E+01 0.440499401093E+01 0.000000000000E+00 0.000000000000E+00 0.440499401093E+01 0.000000000000E+00 0.485520124435E+01 0.000000000000E+00 0.485520124435E+01 0.648183774948E+01 0.677176141739E+01 0.690310621262E+01 0.702698230743E+01 0.829881477356E+01 0.000000000000E+00 0.372990822792E+01 0.000000000000E+00 0.372990822792E+01 0.440499401093E+01 0.614383792877E+01 0.000000000000E+00 0.000000000000E+00 0.000000000000E+00 0.000000000000E+00 0.440499401093E+01 0.000000000000E+00 0.485520124435E+01 0.148011436462E+02 0.000000000000E+00 0.440499401093E+01 0.765500259399E+01 0.852543544769E+01 0.485520124435E+01 0.000000000000E+00 0.440499401093E+01 0.440499401093E+01 0.000000000000E+00 0.520226573944E+01
0.000000000000E+00 0.000000000000E+00 0.000000000000E+00 0.000000000000E+00 0.000000000000E+00 0.000000000000E+00 0.372990822792E+01 0.372990822792E+01 0.000000000000E+00 0.000000000000E+00 0.000000000000E+00 0.000000000000E+00 0.000000000000E+00 0.000000000000E+00 0.000000000000E+00 0.372990822792E+01 0.440499401093E+01 0.485520124435E+01 0.520226573944E+01 0.000000000000E+00 0.423218250275E+01 0.372990822792E+01 0.372990822792E+01 0.440499401093E+01 0.485520124435E+01 0.000000000000E+00 0.000000000000E+00 0.440499401093E+01 0.807613849640E+01 0.000000000000E+00 0.372990822792E+01 0.000000000000E+00 0.148125152588E+02 0.000000000000E+00 0.520226573944E+01 0.774516677856E+01 0.000000000000E+00 0.372990822792E+01 0.000000000000E+00 0.372990822792E+01 0.000000000000E+00 0.000000000000E+00 0.372990822792E+01
0.000000000000E+00 0.000000000000E+00 0.000000000000E+00 0.000000000000E+00 0.000000000000E+00 0.000000000000E+00 0.000000000000E+00 0.000000000000E+00 0.000000000000E+00 0.000000000000E+00 0.000000000000E+00 0.000000000000E+00 0.000000000000E+00 0.520226573944E+01 0.440499401093E+01 0.485520124435E+01 0.520226573944E+01 0.548846578598E+01 0.573395729065E+01 0.595006465912E+01 0.425615072250E+01 0.000000000000E+00 0.000000000000E+00 0.372990822792E+01 0.440499401093E+01 0.485520124435E+01 0.614383792877E+01 0.807613849640E+01 0.000000000000E+00 0.372990822792E+01 0.677176141739E+01 0.000000000000E+00 0.149136371613E+02 0.000000000000E+00 0.573395729065E+01 0.000000000000E+00 0.440499401093E+01 0.372990822792E+01 0.000000000000E+00 0.372990822792E+01 0.000000000000E+00 0.000000000000E+00 0.372990822792E+01
0.000000000000E+00 0.000000000000E+00 0.000000000000E+00 0.000000000000E+00 0.000000000000E+00 0.000000000000E+00 0.000000000000E+00 0.000000000000E+00 0.372990822792E+01 0.440499401093E+01 0.372990822792E+01 0.440499401093E+01 0.000000000000E+00 0.000000000000E+00 0.372990822792E+01 0.440499401093E+01 0.485520124435E+01 0.520226573944E+01 0.000000000000E+00 0.372990822792E+01 0.000000000000E+00 0.440499401093E+01 0.000000000000E+00 0.000000000000E+00 0.372990822792E+01 0.440499401093E+01 0.000000000000E+00 0.000000000000E+00 0.372990822792E+01 0.962806320190E+01 0.967218017578E+01 0.971566772461E+01 0.000000000000E+00 0.372990822792E+01 0.859677886963E+01 0.000000000000E+00 0.614383792877E+01 0.573395729065E+01 0.485520124435E+01 0.440499401093E+01 0.000000000000E+00 0.372990822792E+01 0.000000000000E+00
0.000000000000E+00 0.000000000000E+00 0.000000000000E+00 0.000000000000E+00 0.000000000000E+00 0.000000000000E+00 0.000000000000E+00 0.000000000000E+00 0.440499401093E+01 0.000000000000E+00 0.372990822792E+01 0.000000000000E+00 0.000000000000E+00 0.000000000000E+00 0.372990822792E+01 0.440499401093E+01 0.485520124435E+01 0.520226573944E+01 0.548846578598E+01 0.663181495667E+01 0.000000000000E+00 0.427249717712E+01 0.372990822792E+01 0.000000000000E+00 0.000000000000E+00 0.000000000000E+00 0.372990822792E+01 0.000000000000E+00 0.485520124435E+01 0.000000000000E+00 0.372990822792E+01 0.372990822792E+01 0.000000000000E+00 0.103043813705E+02 0.861231517792E+01 0.000000000000E+00 0.372990822792E+01 0.000000000000E+00 0.372990822792E+01 0.485520124435E+01 0.372990822792E+01 0.000000000000E+00 0.520226573944E+01
0.000000000000E+00 0.000000000000E+00 0.000000000000E+00 0.000000000000E+00 0.000000000000E+00 0.000000000000E+00 0.000000000000E+00 0.000000000000E+00 0.573395729065E+01 0.372990822792E+01 0.372990822792E+01 0.000000000000E+00 0.485520124435E+01 0.000000000000E+00 0.440499401093E+01 0.485520124435E+01 0.520226573944E+01 0.548846578598E+01 0.573395729065E+01 0.595006465912E+01 0.663181495667E+01 0.000000000000E+00 0.372990822792E+01 0.372990822792E+01 0.000000000000E+00 0.000000000000E+00 0.372990822792E+01 0.000000000000E+00 0.648183774948E+01 0.372990822792E+01 0.000000000000E+00 0.000000000000E+00 0.372990822792E+01 0.485520124435E+01 0.861368751526E+01 0.372990822792E+01 0.000000000000E+00 0.000000000000E+00 0.440499401093E+01 0.000000000000E+00 0.000000000000E+00 0.975854778290E+01 0.971566772461E+01
0.000000000000E+00 0.000000000000E+00 0.000000000000E+00 0.000000000000E+00 0.000000000000E+00 0.000000000000E+00 0.000000000000E+00 0.372990822792E+01 0.595006465912E+01 0.440499401093E+01 0.000000000000E+00 0.000000000000E+00 0.440499401093E+01 0.000000000000E+00 0.573395729065E+01 0.595006465912E+01 0.000000000000E+00 0.372990822792E+01 0.440499401093E+01 0.000000000000E+00 0.372990822792E+01 0.440499401093E+01 0.000000000000E+00 0.440499401093E+01 0.000000000000E+00 0.485520124435E+01 0.520226573944E+01 0.548846578598E+01 0.746386098862E+01 0.000000000000E+00 0.000000000000E+00 0.520226573944E+01 0.595006465912E+01 0.372990822792E+01 0.861407947540E+01 0.520226573944E+01 0.440499401093E+01 0.000000000000E+00 0.106445827484E+02 0.104101734161E+02 0.548846578598E+01 0.520226573944E+01 0.485520124435E+01
0.000000000000E+00 0.000000000000E+00 0.000000000000E+00 0.000000000000E+00 0.000000000000E+00 0.000000000000E+00 0.000000000000E+00 0.000000000000E+00 0.000000000000E+00 0.485520124435E+01 0.000000000000E+00 0.000000000000E+00 0.440499401093E+01 0.000000000000E+00 0.520226573944E+01 0.548846578598E+01 0.000000000000E+00 0.000000000000E+00 0.372990822792E+01 0.440499401093E+01 0.485520124435E+01 0.520226573944E+01 0.000000000000E+00 0.432733583450E+01 0.372990822792E+01 0.000000000000E+00 0.372990822792E+01 0.000000000000E+00 0.000000000000E+00 0.372990822792E+01 0.000000000000E+00 0.440499401093E+01 0.000000000000E+00 0.372990822792E+01 0.861447143555E+01 0.000000000000E+00 0.107402276993E+02 0.372990822792E+01 0.000000000000E+00 0.850403308868E+01 0.843737316132E+01 0.714430618286E+01 0.702698230743E+01
0.000000000000E+00 0.000000000000E+00 0.000000000000E+00 0.000000000000E+00 0.000000000000E+00 0.000000000000E+00 0.000000000000E+00 0.000000000000E+00 0.000000000000E+00 0.000000000000E+00 0.000000000000E+00 0.440499401093E+01 0.520226573944E+01 0.548846578598E+01 0.631998920441E+01 0.648183774948E+01 0.103752880096E+02 0.106120882034E+02 0.000000000000E+00 0.000000000000E+00 0.000000000000E+00 0.000000000000E+00 0.372990822792E+01 0.000000000000E+00 0.440499401093E+01 0.000000000000E+00 0.573395729065E+01 0.000000000000E+00 0.485520124435E+01 0.000000000000E+00 0.000000000000E+00 0.000000000000E+00 0.372990822792E+01 0.663181495667E+01 0.000000000000E+00 0.992436313629E+01 0.988372993469E+01 0.980083942413E+01 0.791612815857E+01 0.595006465912E+01 0.573395729065E+01 0.000000000000E+00 0.372990822792E+01
0.000000000000E+00 0.000000000000E+00 0.000000000000E+00 0.000000000000E+00 0.000000000000E+00 0.000000000000E+00 0.372990822792E+01 0.485520124435E+01 0.548846578598E+01 0.000000000000E+00 0.690310621262E+01 0.736217069626E+01 0.000000000000E+00 0.372990822792E+01 0.971566772461E+01 0.000000000000E+00 0.440499401093E+01 0.663181495667E+01 0.702698230743E+01 0.113443365097E+02 0.113968172073E+02 0.115747194290E+02 0.000000000000E+00 0.372990822792E+01 0.434627628326E+01 0.000000000000E+00 0.440499401093E+01 0.000000000000E+00 0.614383792877E+01 0.000000000000E+00 0.000000000000E+00 0.440499401093E+01 0.000000000000E+00 0.864545059204E+01 0.000000000000E+00 0.440499401093E+01 0.372990822792E+01 0.000000000000E+00 0.485520124435E+01 0.000000000000E+00 0.548846578598E+01 0.520226573944E+01 0.000000000000E+00
0.000000000000E+00 0.000000000000E+00 0.000000000000E+00 0.000000000000E+00 0.000000000000E+00 0.000000000000E+00 0.000000000000E+00 0.372990822792E+01 0.440499401093E+01 0.520226573944E+01 0.714430618286E+01 0.725582742691E+01 0.756134414673E+01 0.000000000000E+00 0.000000000000E+00 0.000000000000E+00 0.000000000000E+00 0.000000000000E+00 0.372990822792E+01 0.520226573944E+01 0.000000000000E+00 0.372990822792E+01 0.440499401093E+01 0.116966838837E+02 0.453471183777E+01 0.372990822792E+01 0.485520124435E+01 0.520226573944E+01 0.000000000000E+00 0.000000000000E+00 0.648183774948E+01 0.000000000000E+00 0.372990822792E+01 0.000000000000E+00 0.372990822792E+01 0.000000000000E+00 0.485520124435E+01 0.372990822792E+01 0.372990822792E+01 0.000000000000E+00 0.000000000000E+00 0.614383792877E+01 0.000000000000E+00
0.000000000000E+00 0.000000000000E+00 0.000000000000E+00 0.000000000000E+00 0.000000000000E+00 0.000000000000E+00 0.000000000000E+00 0.000000000000E+00 0.000000000000E+00 0.000000000000E+00 0.372990822792E+01 0.000000000000E+00 0.000000000000E+00 0.548846578598E+01 0.520226573944E+01 0.000000000000E+00 0.000000000000E+00 0.372990822792E+01 0.000000000000E+00 0.372990822792E+01 0.440499401093E+01 0.485520124435E+01 0.520226573944E+01 0.000000000000E+00 0.453620624542E+01 0.000000000000E+00 0.372990822792E+01 0.440499401093E+01 0.485520124435E+01 0.677176141739E+01 0.000000000000E+00 0.372990822792E+01 0.865512084961E+01 0.520226573944E+01 0.485520124435E+01 0.440499401093E+01 0.372990822792E+01 0.000000000000E+00 0.000000000000E+00 0.372990822792E+01 0.372990822792E+01 0.000000000000E+00 0.000000000000E+00
0.000000000000E+00 0.000000000000E+00 0.000000000000E+00 0.000000000000E+00 0.000000000000E+00 0.000000000000E+00 0.000000000000E+00 0.000000000000E+00 0.372990822792E+01 0.440499401093E+01 0.520226573944E+01 0.000000000000E+00 0.000000000000E+00 0.000000000000E+00 0.000000000000E+00 0.000000000000E+00 0.000000000000E+00 0.000000000000E+00 0.000000000000E+00 0.372990822792E+01 0.000000000000E+00 0.372990822792E+01 0.000000000000E+00 0.000000000000E+00 0.454662179947E+01 0.000000000000E+00 0.000000000000E+00 0.372990822792E+01 0.000000000000E+00 0.000000000000E+00 0.372990822792E+01 0.807613849640E+01 0.000000000000E+00 0.440499401093E+01 0.372990822792E+01 0.000000000000E+00 0.520226573944E+01 0.485520124435E+01 0.000000000000E+00 0.372990822792E+01 0.000000000000E+00 0.000000000000E+00 0.000000000000E+00
