prepro/dtm_Ws1_sf_1
north:     0
south:           0.00000000
east:      0
west:            0.00000000
rows:    246
cols:    130
[rows 76 to 94 of 246, columns 43 to 85 of 130]
0.000000000000E+00 0.000000000000E+00 0.000000000000E+00 0.829881477356E+01 0.109238061905E+02 0.843737316132E+01 0.372990822792E+01 0.548846578598E+01 0.107402276993E+02 0.372990822792E+01 0.614383792877E+01 0.663181495667E+01 0.569497060776E+01 0.372990822792E+01 0.372990822792E+01 0.595006465912E+01 0.648183774948E+01 0.631998920441E+01 0.000000000000E+00 0.000000000000E+00 0.485520124435E+01 0.000000000000E+00 0.000000000000E+00 0.372990822792E+01 0.573395729065E+01 0.548846578598E+01 0.000000000000E+00 0.000000000000E+00 0.372990822792E+01 0.573395729065E+01 0.573395729065E+01 0.000000000000E+00 0.372990822792E+01 0.000000000000E+00 0.507640647888E+01 0.506169843674E+01 0.440499401093E+01 0.000000000000E+00 0.736217069626E+01 0.000000000000E+00 0.000000000000E+00 0.000000000000E+00 0.372990822792E+01
0.000000000000E+00 0.595006465912E+01 0.000000000000E+00 0.000000000000E+00 0.000000000000E+00 0.850403308868E+01 0.440499401093E+01 0.573395729065E+01 0.107715177536E+02 0.440499401093E+01 0.631998920441E+01 0.677176141739E+01 0.569569730759E+01 0.440499401093E+01 0.440499401093E+01 0.614383792877E+01 0.547065114975E+01 0.546154928207E+01 0.540075540543E+01 0.372990822792E+01 0.000000000000E+00 0.595006465912E+01 0.372990822792E+01 0.000000000000E+00 0.000000000000E+00 0.000000000000E+00 0.000000000000E+00 0.372990822792E+01 0.440499401093E+01 0.595006465912E+01 0.614383792877E+01 0.372990822792E+01 0.372990822792E+01 0.000000000000E+00 0.508994436264E+01 0.372990822792E+01 0.372990822792E+01 0.116966838837E+02 0.116726121902E+02 0.115994386673E+02 0.111543235779E+02 0.774516677856E+01 0.756134414673E+01
0.440499401093E+01 0.663181495667E+01 0.000000000000E+00 0.485520124435E+01 0.000000000000E+00 0.117914342880E+02 0.000000000000E+00 0.595006465912E+01 0.108025226593E+02 0.485520124435E+01 0.648183774948E+01 0.690310621262E+01 0.569642305374E+01 0.000000000000E+00 0.485520124435E+01 0.000000000000E+00 0.547230100632E+01 0.372990822792E+01 0.000000000000E+00 0.962806320190E+01 0.850403308868E+01 0.843737316132E+01 0.836900234222E+01 0.783212471008E+01 0.702698230743E+01 0.573395729065E+01 0.372990822792E+01 0.440499401093E+01 0.485520124435E+01 0.000000000000E+00 0.631998920441E+01 0.000000000000E+00 0.000000000000E+00 0.372990822792E+01 0.509098100662E+01 0.000000000000E+00 0.372990822792E+01 0.520226573944E+01 0.485520124435E+01 0.000000000000E+00 0.000000000000E+00 0.372990822792E+01 0.614383792877E+01
0.631998920441E+01 0.000000000000E+00 0.372990822792E+01 0.000000000000E+00 0.000000000000E+00 0.127939863205E+02 0.372990822792E+01 0.663181495667E+01 0.108332481384E+02 0.000000000000E+00 0.663181495667E+01 0.702698230743E+01 0.569714927673E+01 0.372990822792E+01 0.548544216156E+01 0.000000000000E+00 0.000000000000E+00 0.372990822792E+01 0.372990822792E+01 0.000000000000E+00 0.000000000000E+00 0.440499401093E+01 0.372990822792E+01 0.000000000000E+00 0.485520124435E+01 0.440499401093E+01 0.372990822792E+01 0.000000000000E+00 0.677176141739E+01 0.372990822792E+01 0.000000000000E+00 0.548846578598E+01 0.372990822792E+01 0.372990822792E+01 0.509512090683E+01 0.372990822792E+01 0.000000000000E+00 0.631998920441E+01 0.372990822792E+01 0.000000000000E+00 0.372990822792E+01 0.000000000000E+00 0.648183774948E+01
0.725582742691E+01 0.000000000000E+00 0.000000000000E+00 0.372990822792E+01 0.000000000000E+00 0.128299503326E+02 0.440499401093E+01 0.000000000000E+00 0.108637008667E+02 0.000000000000E+00 0.725582742691E+01 0.714430618286E+01 0.000000000000E+00 0.440499401093E+01 0.548952817917E+01 0.485520124435E+01 0.000000000000E+00 0.372990822792E+01 0.440499401093E+01 0.372990822792E+01 0.000000000000E+00 0.000000000000E+00 0.548846578598E+01 0.520226573944E+01 0.485520124435E+01 0.440499401093E+01 0.372990822792E+01 0.000000000000E+00 0.725582742691E+01 0.756134414673E+01 0.000000000000E+00 0.372990822792E+01 0.440499401093E+01 0.440499401093E+01 0.509615421295E+01 0.000000000000E+00 0.372990822792E+01 0.485520124435E+01 0.440499401093E+01 0.372990822792E+01 0.000000000000E+00 0.440499401093E+01 0.000000000000E+00
0.614383792877E+01 0.372990822792E+01 0.746386098862E+01 0.869466972351E+01 0.000000000000E+00 0.129009351730E+02 0.485520124435E+01 0.372990822792E+01 0.112370052338E+02 0.372990822792E+01 0.000000000000E+00 0.570944499969E+01 0.372990822792E+01 0.485520124435E+01 0.000000000000E+00 0.485520124435E+01 0.372990822792E+01 0.000000000000E+00 0.000000000000E+00 0.000000000000E+00 0.595006465912E+01 0.000000000000E+00 0.372990822792E+01 0.000000000000E+00 0.372990822792E+01 0.372990822792E+01 0.000000000000E+00 0.372990822792E+01 0.756134414673E+01 0.783212471008E+01 0.372990822792E+01 0.372990822792E+01 0.485520124435E+01 0.000000000000E+00 0.000000000000E+00 0.141935319901E+02 0.440499401093E+01 0.372990822792E+01 0.000000000000E+00 0.000000000000E+00 0.140212259293E+02 0.139255981445E+02 0.000000000000E+00
0.000000000000E+00 0.000000000000E+00 0.372990822792E+01 0.000000000000E+00 0.372990822792E+01 0.000000000000E+00 0.000000000000E+00 0.440499401093E+01 0.000000000000E+00 0.000000000000E+00 0.000000000000E+00 0.572308874130E+01 0.000000000000E+00 0.000000000000E+00 0.372990822792E+01 0.372990822792E+01 0.000000000000E+00 0.000000000000E+00 0.000000000000E+00 0.548846578598E+01 0.520226573944E+01 0.372990822792E+01 0.000000000000E+00 0.372990822792E+01 0.372990822792E+01 0.000000000000E+00 0.000000000000E+00 0.000000000000E+00 0.000000000000E+00 0.791612815857E+01 0.000000000000E+00 0.440499401093E+01 0.000000000000E+00 0.537564420700E+01 0.677176141739E+01 0.663181495667E+01 0.000000000000E+00 0.141412200928E+02 0.141148328781E+02 0.520226573944E+01 0.485520124435E+01 0.000000000000E+00 0.000000000000E+00
0.520226573944E+01 0.000000000000E+00 0.485520124435E+01 0.000000000000E+00 0.887292003632E+01 0.000000000000E+00 0.000000000000E+00 0.000000000000E+00 0.372990822792E+01 0.000000000000E+00 0.485520124435E+01 0.000000000000E+00 0.000000000000E+00 0.000000000000E+00 0.372990822792E+01 0.000000000000E+00 0.000000000000E+00 0.725582742691E+01 0.000000000000E+00 0.000000000000E+00 0.548846578598E+01 0.520226573944E+01 0.372990822792E+01 0.440499401093E+01 0.548846578598E+01 0.440499401093E+01 0.440499401093E+01 0.774516677856E+01 0.000000000000E+00 0.541103839874E+01 0.000000000000E+00 0.000000000000E+00 0.548846578598E+01 0.440499401093E+01 0.000000000000E+00 0.372990822792E+01 0.000000000000E+00 0.631998920441E+01 0.548846578598E+01 0.485520124435E+01 0.372990822792E+01 0.000000000000E+00 0.000000000000E+00
0.815251731873E+01 0.000000000000E+00 0.000000000000E+00 0.000000000000E+00 0.440499401093E+01 0.372990822792E+01 0.000000000000E+00 0.129879617691E+02 0.631998920441E+01 0.372990822792E+01 0.667974138260E+01 0.549929618835E+01 0.372990822792E+01 0.372990822792E+01 0.914698505402E+01 0.863259792328E+01 0.663181495667E+01 0.648183774948E+01 0.614383792877E+01 0.372990822792E+01 0.000000000000E+00 0.000000000000E+00 0.440499401093E+01 0.000000000000E+00 0.573395729065E+01 0.000000000000E+00 0.000000000000E+00 0.799740028381E+01 0.372990822792E+01 0.000000000000E+00 0.440499401093E+01 0.372990822792E+01 0.440499401093E+01 0.372990822792E+01 0.000000000000E+00 0.000000000000E+00 0.485520124435E+01 0.485520124435E+01 0.440499401093E+01 0.000000000000E+00 0.000000000000E+00 0.372990822792E+01 0.485520124435E+01
0.000000000000E+00 0.372990822792E+01 0.000000000000E+00 0.000000000000E+00 0.520226573944E+01 0.000000000000E+00 0.372990822792E+01 0.000000000000E+00 0.648183774948E+01 0.372990822792E+01 0.668018007278E+01 0.000000000000E+00 0.372990822792E+01 0.372990822792E+01 0.953785991669E+01 0.573395729065E+01 0.548846578598E+01 0.520226573944E+01 0.485520124435E+01 0.440499401093E+01 0.000000000000E+00 0.000000000000E+00 0.677176141739E+01 0.372990822792E+01 0.520226573944E+01 0.000000000000E+00 0.000000000000E+00 0.555520868301E+01 0.541615724564E+01 0.372990822792E+01 0.000000000000E+00 0.595006465912E+01 0.573395729065E+01 0.548846578598E+01 0.520226573944E+01 0.485520124435E+01 0.372990822792E+01 0.000000000000E+00 0.372990822792E+01 0.000000000000E+00 0.000000000000E+00 0.000000000000E+00 0.548846578598E+01
0.548846578598E+01 0.836900234222E+01 0.000000000000E+00 0.485520124435E+01 0.783212471008E+01 0.000000000000E+00 0.372990822792E+01 0.000000000000E+00 0.000000000000E+00 0.440499401093E+01 0.000000000000E+00 0.372990822792E+01 0.372990822792E+01 0.372990822792E+01 0.962806320190E+01 0.372990822792E+01 0.000000000000E+00 0.548846578598E+01 0.520226573944E+01 0.485520124435E+01 0.372990822792E+01 0.372990822792E+01 0.702698230743E+01 0.440499401093E+01 0.000000000000E+00 0.555913496017E+01 0.372990822792E+01 0.000000000000E+00 0.000000000000E+00 0.126468324661E+02 0.124745273590E+02 0.123754491806E+02 0.122531385422E+02 0.573395729065E+01 0.520226573944E+01 0.440499401093E+01 0.000000000000E+00 0.372990822792E+01 0.000000000000E+00 0.000000000000E+00 0.677176141739E+01 0.548846578598E+01 0.485520124435E+01
0.000000000000E+00 0.843737316132E+01 0.372990822792E+01 0.573395729065E+01 0.850403308868E+01 0.372990822792E+01 0.000000000000E+00 0.372990822792E+01 0.520226573944E+01 0.678579187393E+01 0.440499401093E+01 0.372990822792E+01 0.440499401093E+01 0.000000000000E+00 0.100818414688E+02 0.648183774948E+01 0.485520124435E+01 0.440499401093E+01 0.372990822792E+01 0.372990822792E+01 0.000000000000E+00 0.440499401093E+01 0.736217069626E+01 0.000000000000E+00 0.372990822792E+01 0.000000000000E+00 0.372990822792E+01 0.372990822792E+01 0.485520124435E+01 0.000000000000E+00 0.485520124435E+01 0.000000000000E+00 0.000000000000E+00 0.000000000000E+00 0.000000000000E+00 0.000000000000E+00 0.000000000000E+00 0.000000000000E+00 0.736217069626E+01 0.440499401093E+01 0.372990822792E+01 0.372990822792E+01 0.372990822792E+01
0.791612815857E+01 0.939726829529E+01 0.000000000000E+00 0.372990822792E+01 0.000000000000E+00 0.372990822792E+01 0.372990822792E+01 0.000000000000E+00 0.000000000000E+00 0.678662586212E+01 0.372990822792E+01 0.372990822792E+01 0.000000000000E+00 0.000000000000E+00 0.000000000000E+00 0.485520124435E+01 0.440499401093E+01 0.372990822792E+01 0.372990822792E+01 0.000000000000E+00 0.372990822792E+01 0.000000000000E+00 0.560328483582E+01 0.000000000000E+00 0.372990822792E+01 0.000000000000E+00 0.000000000000E+00 0.000000000000E+00 0.000000000000E+00 0.000000000000E+00 0.000000000000E+00 0.000000000000E+00 0.440499401093E+01 0.000000000000E+00 0.000000000000E+00 0.372990822792E+01 0.000000000000E+00 0.440499401093E+01 0.372990822792E+01 0.372990822792E+01 0.000000000000E+00 0.000000000000E+00 0.372990822792E+01
0.000000000000E+00 0.000000000000E+00 0.000000000000E+00 0.440499401093E+01 0.372990822792E+01 0.000000000000E+00 0.372990822792E+01 0.000000000000E+00 0.520226573944E+01 0.678954315186E+01 0.372990822792E+01 0.000000000000E+00 0.440499401093E+01 0.548846578598E+01 0.000000000000E+00 0.372990822792E+01 0.000000000000E+00 0.000000000000E+00 0.520226573944E+01 0.372990822792E+01 0.000000000000E+00 0.000000000000E+00 0.560786867142E+01 0.000000000000E+00 0.440499401093E+01 0.000000000000E+00 0.440499401093E+01 0.000000000000E+00 0.000000000000E+00 0.372990822792E+01 0.000000000000E+00 0.000000000000E+00 0.000000000000E+00 0.000000000000E+00 0.000000000000E+00 0.000000000000E+00 0.440499401093E+01 0.372990822792E+01 0.000000000000E+00 0.000000000000E+00 0.663181495667E+01 0.614383792877E+01 0.595006465912E+01
0.000000000000E+00 0.000000000000E+00 0.000000000000E+00 0.000000000000E+00 0.372990822792E+01 0.372990822792E+01 0.000000000000E+00 0.372990822792E+01 0.000000000000E+00 0.000000000000E+00 0.104446916580E+02 0.372990822792E+01 0.000000000000E+00 0.000000000000E+00 0.372990822792E+01 0.440499401093E+01 0.440499401093E+01 0.000000000000E+00 0.000000000000E+00 0.440499401093E+01 0.372990822792E+01 0.485520124435E+01 0.000000000000E+00 0.595006465912E+01 0.548846578598E+01 0.372990822792E+01 0.000000000000E+00 0.000000000000E+00 0.000000000000E+00 0.000000000000E+00 0.440499401093E+01 0.372990822792E+01 0.000000000000E+00 0.000000000000E+00 0.000000000000E+00 0.114227733612E+02 0.975854778290E+01 0.736217069626E+01 0.714430618286E+01 0.000000000000E+00 0.372990822792E+01 0.000000000000E+00 0.520226573944E+01
0.372990822792E+01 0.000000000000E+00 0.843737316132E+01 0.106767663956E+02 0.000000000000E+00 0.000000000000E+00 0.000000000000E+00 0.892989253998E+01 0.898573589325E+01 0.548846578598E+01 0.682055044174E+01 0.000000000000E+00 0.648183774948E+01 0.000000000000E+00 0.372990822792E+01 0.485520124435E+01 0.000000000000E+00 0.000000000000E+00 0.000000000000E+00 0.485520124435E+01 0.440499401093E+01 0.000000000000E+00 0.372990822792E+01 0.000000000000E+00 0.000000000000E+00 0.000000000000E+00 0.520226573944E+01 0.000000000000E+00 0.548846578598E+01 0.372990822792E+01 0.372990822792E+01 0.000000000000E+00 0.440499401093E+01 0.000000000000E+00 0.372990822792E+01 0.953785991669E+01 0.934888935089E+01 0.000000000000E+00 0.881476497650E+01 0.863259792328E+01 0.856907939911E+01 0.756134414673E+01 0.746386098862E+01
0.000000000000E+00 0.372990822792E+01 0.000000000000E+00 0.000000000000E+00 0.000000000000E+00 0.108938846588E+02 0.000000000000E+00 0.440499401093E+01 0.000000000000E+00 0.573395729065E+01 0.000000000000E+00 0.440499401093E+01 0.372990822792E+01 0.000000000000E+00 0.485520124435E+01 0.000000000000E+00 0.595006465912E+01 0.000000000000E+00 0.372990822792E+01 0.520226573944E+01 0.000000000000E+00 0.440499401093E+01 0.372990822792E+01 0.372990822792E+01 0.000000000000E+00 0.631998920441E+01 0.614383792877E+01 0.440499401093E+01 0.372990822792E+01 0.000000000000E+00 0.520226573944E+01 0.000000000000E+00 0.000000000000E+00 0.000000000000E+00 0.000000000000E+00 0.440499401093E+01 0.000000000000E+00 0.000000000000E+00 0.791612815857E+01 0.783212471008E+01 0.520226573944E+01 0.000000000000E+00 0.548846578598E+01
0.000000000000E+00 0.520226573944E+01 0.000000000000E+00 0.000000000000E+00 0.440499401093E+01 0.109534711838E+02 0.372990822792E+01 0.548846578598E+01 0.000000000000E+00 0.684706687927E+01 0.000000000000E+00 0.000000000000E+00 0.372990822792E+01 0.372990822792E+01 0.690310621262E+01 0.372990822792E+01 0.648183774948E+01 0.372990822792E+01 0.000000000000E+00 0.000000000000E+00 0.440499401093E+01 0.372990822792E+01 0.372990822792E+01 0.677176141739E+01 0.000000000000E+00 0.000000000000E+00 0.372990822792E+01 0.000000000000E+00 0.000000000000E+00 0.000000000000E+00 0.000000000000E+00 0.663181495667E+01 0.520226573944E+01 0.440499401093E+01 0.000000000000E+00 0.372990822792E+01 0.000000000000E+00 0.774516677856E+01 0.663181495667E+01 0.736217069626E+01 0.702698230743E+01 0.000000000000E+00 0.000000000000E+00
0.000000000000E+00 0.702698230743E+01 0.372990822792E+01 0.485520124435E+01 0.000000000000E+00 0.109828824997E+02 0.000000000000E+00 0.372990822792E+01 0.440499401093E+01 0.685192680359E+01 0.440499401093E+01 0.000000000000E+00 0.440499401093E+01 0.000000000000E+00 0.702698230743E+01 0.440499401093E+01 0.000000000000E+00 0.000000000000E+00 0.563362216949E+01 0.372990822792E+01 0.000000000000E+00 0.372990822792E+01 0.440499401093E+01 0.000000000000E+00 0.677176141739E+01 0.000000000000E+00 0.000000000000E+00 0.000000000000E+00 0.000000000000E+00 0.807613849640E+01 0.595006465912E+01 0.573395729065E+01 0.548846578598E+01 0.520226573944E+01 0.372990822792E+01 0.000000000000E+00 0.000000000000E+00 0.631998920441E+01 0.440499401093E+01 0.000000000000E+00 0.000000000000E+00 0.000000000000E+00 0.000000000000E+00
