prepro/dtm_A_inflow
north:     0
south:           0.00000000
east:      0
west:            0.00000000
rows:    246
cols:    130
[rows 140 to 174 of 246, columns 0 to 77 of 130]
0.00 0.00 0.00 0.00 0.00 0.00 0.00 0.00 0.00 0.00 0.00 0.00 0.00 0.00 0.00 0.00 0.00 0.00 0.00 0.00 0.00 0.00 0.00 0.00 0.00 800.00 1200.00 400.00 400.00 0.00 0.00 0.00 400.00 800.00 1200.00 1600.00 0.00 400.00 6400.00 7600.00 400.00 800.00 64800.00 400.00 400.00 3200.00 6400.00 3312000.00 0.00 41600.00 9600.00 6000.00 4800.00 4400.00 3200.00 2800.00 0.00 400.00 0.00 400.00 0.00 1200.00 800.00 400.00 0.00 2800.00 2400.00 2000.00 1600.00 1200.00 800.00 400.00 0.00 0.00 400.00 0.00 0.00 0.00
0.00 0.00 0.00 0.00 0.00 0.00 0.00 0.00 0.00 0.00 0.00 0.00 0.00 0.00 0.00 0.00 0.00 0.00 0.00 0.00 0.00 0.00 0.00 0.00 0.00 0.00 2000.00 4800.00 800.00 400.00 0.00 400.00 0.00 0.00 400.00 0.00 2000.00 2400.00 0.00 0.00 8000.00 8400.00 1200.00 65200.00 800.00 0.00 400.00 3319600.00 0.00 52000.00 0.00 0.00 400.00 0.00 0.00 400.00 800.00 1200.00 800.00 2000.00 1600.00 400.00 0.00 6800.00 6400.00 2800.00 2400.00 2000.00 1600.00 1200.00 800.00 400.00 0.00 800.00 400.00 0.00 0.00 0.00
0.00 0.00 0.00 0.00 0.00 0.00 0.00 0.00 0.00 0.00 0.00 0.00 0.00 0.00 0.00 0.00 0.00 0.00 0.00 0.00 0.00 0.00 0.00 0.00 400.00 0.00 0.00 0.00 5600.00 8000.00 400.00 0.00 1200.00 0.00 400.00 1600.00 2400.00 2800.00 6000.00 6800.00 400.00 8800.00 0.00 2000.00 65600.00 67200.00 3320800.00 400.00 0.00 55200.00 2000.00 1200.00 800.00 400.00 2400.00 1200.00 4800.00 2800.00 2400.00 1200.00 800.00 7600.00 7200.00 2400.00 2000.00 1600.00 1200.00 800.00 400.00 0.00 2800.00 2400.00 2000.00 400.00 0.00 0.00 0.00 0.00
0.00 0.00 0.00 0.00 0.00 0.00 0.00 0.00 0.00 0.00 0.00 0.00 0.00 0.00 0.00 0.00 0.00 0.00 0.00 0.00 0.00 0.00 0.00 800.00 0.00 0.00 0.00 0.00 0.00 400.00 8400.00 800.00 1600.00 1600.00 2000.00 2400.00 2800.00 3200.00 3600.00 0.00 7200.00 800.00 9200.00 0.00 2400.00 0.00 3390000.00 0.00 55600.00 0.00 0.00 0.00 4000.00 2800.00 0.00 5200.00 0.00 28000.00 27600.00 25600.00 25200.00 4000.00 3600.00 400.00 0.00 400.00 0.00 5200.00 4800.00 4400.00 800.00 400.00 0.00 0.00 0.00 0.00 0.00 0.00
0.00 0.00 0.00 0.00 0.00 0.00 0.00 0.00 0.00 0.00 0.00 0.00 0.00 0.00 0.00 0.00 0.00 0.00 0.00 0.00 3200.00 2800.00 2000.00 400.00 400.00 0.00 400.00 400.00 0.00 0.00 1200.00 8800.00 11200.00 0.00 400.00 0.00 400.00 800.00 1200.00 5600.00 400.00 8400.00 1200.00 9600.00 400.00 3600.00 4000.00 3447200.00 0.00 6400.00 5200.00 4400.00 800.00 400.00 36000.00 30000.00 29200.00 400.00 0.00 400.00 0.00 12400.00 12000.00 11600.00 11200.00 10000.00 9600.00 3600.00 3200.00 2800.00 2400.00 2000.00 1600.00 800.00 0.00 0.00 0.00 0.00
0.00 0.00 0.00 0.00 0.00 0.00 0.00 0.00 0.00 0.00 0.00 0.00 0.00 0.00 14800.00 14400.00 14000.00 12800.00 12400.00 4000.00 0.00 1600.00 1200.00 800.00 400.00 0.00 0.00 800.00 800.00 400.00 0.00 1600.00 0.00 11600.00 800.00 0.00 0.00 400.00 800.00 1200.00 6000.00 0.00 8800.00 10800.00 10000.00 0.00 400.00 3460000.00 6800.00 0.00 1600.00 1200.00 36800.00 36400.00 400.00 0.00 42400.00 42000.00 800.00 2400.00 2000.00 1600.00 1200.00 800.00 400.00 0.00 1200.00 800.00 400.00 0.00 2000.00 1600.00 1200.00 800.00 400.00 0.00 0.00 0.00
0.00 0.00 0.00 0.00 0.00 0.00 0.00 0.00 0.00 0.00 0.00 0.00 0.00 15200.00 0.00 0.00 0.00 400.00 0.00 7600.00 7200.00 1600.00 1200.00 800.00 400.00 0.00 0.00 400.00 1200.00 1200.00 800.00 400.00 2000.00 400.00 12000.00 1600.00 0.00 400.00 800.00 1200.00 3200.00 6800.00 0.00 11200.00 10400.00 0.00 0.00 3460400.00 400.00 2000.00 37600.00 37200.00 0.00 800.00 0.00 42800.00 0.00 0.00 40400.00 37200.00 14800.00 14400.00 14000.00 13600.00 13200.00 12800.00 5600.00 5200.00 4800.00 4400.00 1600.00 1200.00 800.00 400.00 0.00 400.00 0.00 0.00
0.00 0.00 0.00 0.00 0.00 0.00 0.00 0.00 0.00 0.00 0.00 0.00 0.00 15600.00 2000.00 800.00 0.00 1200.00 800.00 400.00 0.00 2800.00 2400.00 1600.00 400.00 0.00 0.00 1200.00 0.00 2000.00 5200.00 0.00 1200.00 2400.00 800.00 15600.00 0.00 400.00 0.00 400.00 800.00 4800.00 12400.00 400.00 11600.00 10800.00 11600.00 3464800.00 2400.00 38000.00 2800.00 2400.00 1600.00 0.00 400.00 45200.00 1200.00 400.00 0.00 400.00 20800.00 19200.00 13600.00 13200.00 12800.00 0.00 4800.00 4400.00 4000.00 3600.00 3200.00 2800.00 2400.00 2000.00 1600.00 400.00 0.00 0.00
0.00 0.00 0.00 0.00 0.00 0.00 0.00 0.00 0.00 0.00 0.00 0.00 16000.00 5200.00 2400.00 2000.00 1600.00 0.00 0.00 2000.00 1600.00 800.00 0.00 0.00 400.00 0.00 0.00 800.00 1600.00 0.00 0.00 5600.00 0.00 1600.00 2800.00 0.00 16000.00 0.00 800.00 1200.00 1600.00 2000.00 4000.00 20000.00 21200.00 33600.00 34000.00 3516000.00 38400.00 3200.00 400.00 0.00 0.00 800.00 45600.00 3600.00 400.00 0.00 0.00 0.00 0.00 800.00 4800.00 2800.00 0.00 12000.00 10800.00 10400.00 7200.00 6800.00 2800.00 2400.00 2000.00 1600.00 1200.00 800.00 400.00 0.00
0.00 0.00 0.00 0.00 0.00 0.00 0.00 0.00 0.00 0.00 0.00 0.00 22400.00 0.00 0.00 5200.00 4800.00 4000.00 3200.00 400.00 0.00 0.00 0.00 0.00 800.00 400.00 0.00 400.00 2000.00 4400.00 400.00 400.00 6400.00 0.00 5200.00 0.00 16800.00 400.00 0.00 400.00 800.00 1200.00 2400.00 400.00 800.00 1200.00 1600.00 3552800.00 3600.00 1200.00 0.00 0.00 52800.00 50800.00 50400.00 0.00 2400.00 2000.00 1200.00 400.00 0.00 0.00 0.00 1200.00 2000.00 1600.00 400.00 0.00 2400.00 2000.00 3200.00 2800.00 2400.00 800.00 400.00 0.00 0.00 0.00
0.00 0.00 0.00 0.00 0.00 0.00 400.00 800.00 0.00 0.00 0.00 30400.00 7200.00 400.00 5600.00 0.00 800.00 400.00 0.00 400.00 0.00 0.00 0.00 400.00 0.00 1200.00 800.00 0.00 0.00 0.00 6000.00 0.00 800.00 6800.00 400.00 5600.00 400.00 17200.00 800.00 1200.00 1600.00 2000.00 0.00 0.00 400.00 0.00 400.00 3560000.00 1600.00 0.00 400.00 0.00 53600.00 0.00 0.00 0.00 0.00 400.00 0.00 400.00 0.00 400.00 0.00 800.00 400.00 0.00 1200.00 800.00 400.00 0.00 1600.00 1200.00 800.00 800.00 400.00 0.00 0.00 0.00
0.00 0.00 0.00 0.00 0.00 0.00 800.00 1600.00 400.00 0.00 31200.00 400.00 0.00 6000.00 2400.00 1600.00 0.00 1200.00 800.00 0.00 0.00 400.00 400.00 800.00 0.00 400.00 1600.00 1600.00 0.00 800.00 0.00 6800.00 400.00 1200.00 9600.00 6000.00 7200.00 17600.00 0.00 400.00 0.00 400.00 0.00 0.00 1200.00 1600.00 2000.00 3564000.00 800.00 0.00 1200.00 54400.00 0.00 11200.00 10800.00 8800.00 8400.00 5600.00 5200.00 2000.00 1600.00 400.00 0.00 0.00 400.00 0.00 400.00 0.00 1600.00 1200.00 800.00 400.00 0.00 400.00 0.00 0.00 0.00 0.00
0.00 0.00 0.00 0.00 0.00 1200.00 2000.00 800.00 0.00 400.00 32400.00 0.00 0.00 0.00 3200.00 0.00 1600.00 0.00 400.00 400.00 0.00 800.00 800.00 0.00 1200.00 400.00 800.00 2000.00 2000.00 0.00 1200.00 0.00 8000.00 0.00 0.00 10000.00 7600.00 18000.00 0.00 0.00 800.00 2000.00 400.00 0.00 400.00 800.00 1200.00 3566400.00 0.00 1600.00 74400.00 19200.00 18800.00 6000.00 0.00 0.00 0.00 400.00 0.00 1600.00 1200.00 800.00 400.00 800.00 0.00 800.00 2400.00 2000.00 2400.00 2000.00 1600.00 1200.00 800.00 400.00 0.00 0.00 0.00 0.00
0.00 0.00 0.00 0.00 0.00 0.00 4000.00 1600.00 800.00 32800.00 0.00 800.00 0.00 4000.00 0.00 2400.00 0.00 400.00 800.00 800.00 400.00 0.00 2400.00 400.00 0.00 2400.00 1200.00 4000.00 2400.00 2800.00 400.00 1600.00 400.00 8400.00 400.00 10800.00 8000.00 18400.00 400.00 0.00 800.00 1200.00 2400.00 800.00 1200.00 0.00 400.00 3566800.00 78000.00 75600.00 400.00 0.00 0.00 0.00 5600.00 4400.00 2400.00 1200.00 800.00 400.00 0.00 0.00 1200.00 400.00 10400.00 8800.00 5600.00 5200.00 2000.00 1600.00 1200.00 800.00 400.00 0.00 0.00 0.00 0.00 0.00
0.00 0.00 0.00 0.00 0.00 0.00 4400.00 3200.00 0.00 33600.00 1200.00 400.00 0.00 4800.00 2800.00 0.00 800.00 1200.00 0.00 1200.00 800.00 400.00 0.00 2800.00 800.00 400.00 2800.00 4400.00 0.00 0.00 3200.00 800.00 3200.00 800.00 9600.00 0.00 19600.00 18800.00 800.00 0.00 0.00 0.00 1600.00 2800.00 1600.00 0.00 400.00 3648000.00 400.00 0.00 1200.00 800.00 400.00 0.00 400.00 400.00 400.00 400.00 0.00 0.00 0.00 2000.00 800.00 10800.00 3600.00 3200.00 2800.00 2400.00 2000.00 1600.00 1200.00 800.00 400.00 0.00 0.00 0.00 0.00 0.00
0.00 0.00 0.00 0.00 0.00 5200.00 0.00 3600.00 400.00 34000.00 1600.00 800.00 5600.00 3200.00 0.00 400.00 1200.00 1600.00 400.00 1600.00 1200.00 0.00 800.00 3600.00 0.00 2000.00 3200.00 0.00 4800.00 800.00 0.00 3600.00 0.00 3600.00 11200.00 400.00 39200.00 0.00 1600.00 0.00 0.00 400.00 2400.00 0.00 3200.00 5600.00 0.00 3651200.00 2000.00 1600.00 400.00 0.00 0.00 0.00 0.00 0.00 0.00 0.00 400.00 0.00 2800.00 27600.00 26000.00 9200.00 4800.00 4400.00 4000.00 3600.00 1600.00 1200.00 800.00 400.00 0.00 0.00 0.00 0.00 0.00 0.00
0.00 0.00 0.00 0.00 0.00 6000.00 0.00 4000.00 800.00 34400.00 3200.00 6000.00 0.00 3600.00 1200.00 1600.00 2000.00 800.00 2000.00 0.00 1600.00 0.00 400.00 1200.00 4000.00 2800.00 0.00 4400.00 5200.00 0.00 1600.00 0.00 4000.00 4400.00 4800.00 11600.00 40400.00 400.00 2400.00 0.00 0.00 800.00 2000.00 3200.00 0.00 400.00 6000.00 3662800.00 4400.00 4000.00 2800.00 2000.00 1200.00 400.00 0.00 0.00 0.00 1600.00 800.00 34400.00 30400.00 400.00 0.00 4800.00 4400.00 3600.00 1600.00 1200.00 1200.00 800.00 400.00 0.00 0.00 0.00 0.00 0.00 0.00 0.00
0.00 0.00 0.00 0.00 6800.00 400.00 4400.00 1200.00 0.00 0.00 38400.00 6400.00 4400.00 0.00 3600.00 2400.00 0.00 1200.00 2400.00 400.00 0.00 2000.00 400.00 2400.00 0.00 4400.00 3200.00 0.00 10400.00 0.00 2400.00 0.00 400.00 4400.00 5200.00 12000.00 41600.00 2800.00 400.00 0.00 0.00 400.00 2400.00 3600.00 0.00 0.00 1200.00 3664400.00 800.00 400.00 0.00 0.00 0.00 0.00 0.00 400.00 2400.00 39600.00 39200.00 3200.00 2800.00 1200.00 800.00 400.00 0.00 0.00 1200.00 800.00 800.00 400.00 0.00 0.00 0.00 0.00 0.00 0.00 0.00 0.00
0.00 0.00 0.00 7600.00 7200.00 800.00 4800.00 2000.00 0.00 400.00 38800.00 11600.00 0.00 400.00 4000.00 3600.00 0.00 1600.00 3600.00 0.00 400.00 2400.00 0.00 3600.00 0.00 5200.00 3600.00 0.00 400.00 11200.00 2800.00 400.00 800.00 1200.00 4800.00 60000.00 3200.00 800.00 0.00 400.00 0.00 400.00 1600.00 8800.00 0.00 400.00 3769600.00 102800.00 102000.00 101600.00 96800.00 96000.00 95600.00 87200.00 86400.00 80800.00 40800.00 400.00 0.00 400.00 0.00 2400.00 2000.00 1600.00 1200.00 800.00 400.00 0.00 400.00 0.00 0.00 0.00 0.00 0.00 0.00 0.00 0.00 0.00
0.00 0.00 0.00 8000.00 0.00 1200.00 5200.00 2800.00 0.00 800.00 39200.00 12000.00 1200.00 0.00 4400.00 4000.00 0.00 6000.00 0.00 400.00 0.00 800.00 2800.00 400.00 4000.00 400.00 5600.00 4400.00 0.00 12800.00 0.00 4000.00 0.00 0.00 6800.00 64000.00 1200.00 1600.00 800.00 0.00 0.00 400.00 800.00 0.00 9200.00 3771200.00 1200.00 0.00 0.00 1200.00 2400.00 0.00 6800.00 0.00 2800.00 400.00 36400.00 34000.00 800.00 400.00 0.00 400.00 0.00 800.00 400.00 0.00 400.00 0.00 0.00 0.00 0.00 0.00 0.00 0.00 0.00 0.00 0.00 0.00
0.00 0.00 400.00 8800.00 0.00 1600.00 5600.00 3200.00 400.00 1200.00 0.00 52000.00 1600.00 400.00 9200.00 0.00 400.00 6400.00 400.00 800.00 400.00 1200.00 3200.00 800.00 0.00 4400.00 6800.00 4800.00 0.00 13200.00 0.00 5200.00 400.00 0.00 8000.00 64400.00 4000.00 0.00 0.00 400.00 0.00 400.00 0.00 1200.00 11600.00 3773600.00 0.00 400.00 0.00 0.00 400.00 2000.00 0.00 6000.00 2400.00 0.00 1200.00 0.00 32400.00 1200.00 800.00 3600.00 3200.00 1600.00 1200.00 800.00 1600.00 1200.00 400.00 0.00 0.00 0.00 0.00 0.00 0.00 0.00 0.00 0.00
0.00 800.00 0.00 9200.00 2400.00 6000.00 0.00 3600.00 2400.00 0.00 400.00 54400.00 800.00 0.00 10000.00 0.00 800.00 7600.00 1200.00 0.00 800.00 0.00 1600.00 4800.00 0.00 5200.00 0.00 12400.00 0.00 400.00 13600.00 5600.00 0.00 800.00 0.00 77600.00 0.00 0.00 400.00 800.00 0.00 0.00 800.00 1600.00 3792800.00 4400.00 0.00 2000.00 1600.00 1200.00 0.00 0.00 1600.00 5200.00 0.00 2000.00 400.00 0.00 30400.00 20800.00 4000.00 0.00 0.00 2800.00 2400.00 2000.00 400.00 0.00 0.00 0.00 0.00 0.00 0.00 0.00 0.00 0.00 0.00 0.00
1200.00 400.00 9600.00 0.00 2800.00 6400.00 400.00 4000.00 2800.00 400.00 800.00 54800.00 1200.00 400.00 10400.00 400.00 1200.00 8000.00 1600.00 400.00 1200.00 400.00 2000.00 5200.00 400.00 5600.00 0.00 13200.00 400.00 800.00 14000.00 0.00 6400.00 1200.00 400.00 78000.00 400.00 400.00 800.00 1200.00 400.00 0.00 800.00 0.00 3793600.00 0.00 3600.00 800.00 400.00 0.00 400.00 0.00 800.00 0.00 4800.00 1600.00 0.00 0.00 7600.00 400.00 16000.00 15200.00 12400.00 400.00 0.00 800.00 400.00 0.00 0.00 0.00 0.00 0.00 0.00 0.00 0.00 0.00 0.00 0.00
1600.00 800.00 10000.00 400.00 3200.00 6800.00 800.00 4400.00 3200.00 800.00 56400.00 0.00 1600.00 800.00 10800.00 800.00 1600.00 8400.00 2000.00 800.00 1600.00 0.00 3200.00 0.00 5600.00 800.00 6400.00 13600.00 800.00 0.00 15600.00 0.00 7600.00 1600.00 2800.00 0.00 79200.00 800.00 1200.00 1600.00 800.00 0.00 0.00 3824400.00 28000.00 27600.00 26400.00 800.00 400.00 0.00 800.00 400.00 0.00 400.00 4000.00 0.00 1200.00 0.00 6800.00 0.00 0.00 0.00 800.00 8000.00 2800.00 1200.00 0.00 0.00 0.00 0.00 0.00 0.00 0.00 0.00 0.00 0.00 0.00 0.00
0.00 3200.00 10400.00 800.00 0.00 10800.00 1200.00 4800.00 3600.00 1200.00 57200.00 0.00 2000.00 12400.00 0.00 1200.00 0.00 2000.00 11200.00 1200.00 0.00 2000.00 4000.00 400.00 0.00 6000.00 1200.00 6800.00 15200.00 400.00 0.00 16000.00 8000.00 0.00 0.00 3200.00 400.00 80800.00 1600.00 2000.00 1600.00 0.00 0.00 3825600.00 400.00 0.00 400.00 24800.00 22800.00 2000.00 400.00 0.00 0.00 0.00 0.00 3600.00 0.00 400.00 1200.00 4800.00 2400.00 0.00 400.00 1200.00 2800.00 800.00 0.00 0.00 0.00 0.00 0.00 0.00 0.00 0.00 0.00 0.00 0.00 0.00
0.00 1200.00 16000.00 1200.00 400.00 11200.00 1600.00 0.00 10800.00 0.00 57600.00 400.00 15200.00 0.00 2000.00 0.00 0.00 400.00 14000.00 1600.00 400.00 2400.00 4400.00 0.00 1200.00 6400.00 1600.00 7200.00 0.00 15600.00 1200.00 16400.00 8400.00 0.00 800.00 0.00 3600.00 82000.00 0.00 4400.00 2000.00 400.00 400.00 3826800.00 400.00 0.00 0.00 800.00 0.00 20000.00 800.00 400.00 1200.00 400.00 0.00 800.00 2000.00 0.00 800.00 1600.00 400.00 800.00 0.00 800.00 400.00 400.00 0.00 0.00 0.00 0.00 0.00 0.00 0.00 0.00 0.00 0.00 0.00 0.00
0.00 400.00 1600.00 19200.00 21200.00 22400.00 11600.00 2000.00 11600.00 400.00 58800.00 0.00 16000.00 0.00 2800.00 0.00 400.00 0.00 800.00 16400.00 0.00 3600.00 0.00 4800.00 400.00 8400.00 2000.00 7600.00 0.00 16400.00 1600.00 16800.00 8800.00 0.00 1600.00 0.00 4400.00 82400.00 0.00 400.00 4800.00 3200.00 3829200.00 800.00 400.00 0.00 0.00 0.00 0.00 1200.00 16800.00 8000.00 5600.00 4400.00 800.00 400.00 400.00 1600.00 0.00 400.00 1200.00 0.00 400.00 400.00 0.00 0.00 0.00 0.00 0.00 0.00 0.00 0.00 0.00 0.00 0.00 0.00 0.00 0.00
0.00 400.00 400.00 800.00 4000.00 4400.00 27600.00 40000.00 14400.00 0.00 60000.00 400.00 16400.00 400.00 3200.00 400.00 0.00 1200.00 1200.00 0.00 17600.00 18000.00 28000.00 0.00 0.00 10000.00 0.00 2400.00 8400.00 0.00 18800.00 17200.00 9200.00 400.00 2000.00 0.00 5600.00 82800.00 0.00 1200.00 0.00 3840000.00 800.00 400.00 0.00 800.00 0.00 1200.00 800.00 0.00 400.00 8000.00 0.00 400.00 2800.00 0.00 0.00 0.00 800.00 0.00 0.00 400.00 0.00 0.00 0.00 0.00 0.00 0.00 0.00 0.00 0.00 0.00 0.00 0.00 0.00 0.00 0.00 0.00
0.00 0.00 400.00 800.00 1200.00 0.00 400.00 800.00 56400.00 400.00 60400.00 17600.00 0.00 800.00 3600.00 800.00 2000.00 0.00 0.00 1600.00 0.00 400.00 29600.00 400.00 0.00 0.00 10400.00 3200.00 8800.00 400.00 19200.00 0.00 27200.00 3200.00 0.00 0.00 400.00 89200.00 0.00 400.00 1600.00 3846800.00 5200.00 4800.00 4400.00 2800.00 2400.00 400.00 0.00 400.00 0.00 0.00 7600.00 0.00 0.00 2000.00 1600.00 1200.00 800.00 400.00 0.00 0.00 0.00 0.00 0.00 0.00 0.00 0.00 0.00 0.00 0.00 0.00 0.00 0.00 0.00 0.00 0.00 0.00
0.00 0.00 400.00 0.00 400.00 800.00 2400.00 4400.00 5600.00 64400.00 64800.00 60800.00 18400.00 1200.00 4000.00 1200.00 2400.00 400.00 400.00 2000.00 0.00 0.00 0.00 30800.00 32400.00 400.00 0.00 10800.00 3600.00 9200.00 20400.00 28000.00 0.00 4000.00 0.00 0.00 1200.00 0.00 89600.00 400.00 3850000.00 0.00 400.00 0.00 0.00 400.00 0.00 400.00 0.00 0.00 0.00 0.00 0.00 6400.00 6000.00 5600.00 2400.00 1200.00 800.00 400.00 0.00 0.00 0.00 0.00 0.00 0.00 0.00 0.00 0.00 0.00 0.00 0.00 0.00 0.00 0.00 0.00 0.00 0.00
0.00 0.00 0.00 0.00 400.00 800.00 1200.00 400.00 0.00 0.00 0.00 77200.00 158000.00 1600.00 4400.00 1600.00 2800.00 1600.00 0.00 2400.00 400.00 0.00 0.00 0.00 400.00 34800.00 400.00 11200.00 15600.00 25600.00 20800.00 0.00 28800.00 4800.00 0.00 0.00 400.00 2800.00 90000.00 90400.00 3953600.00 10800.00 10400.00 10000.00 8800.00 8400.00 800.00 0.00 400.00 400.00 1600.00 800.00 400.00 0.00 0.00 0.00 2400.00 400.00 0.00 400.00 0.00 0.00 0.00 0.00 0.00 0.00 0.00 0.00 0.00 0.00 0.00 0.00 0.00 0.00 0.00 0.00 0.00 0.00
0.00 0.00 0.00 0.00 400.00 800.00 0.00 3600.00 5200.00 6000.00 11200.00 0.00 1600.00 161600.00 168800.00 0.00 5200.00 2000.00 400.00 2800.00 800.00 0.00 400.00 0.00 0.00 0.00 35600.00 800.00 0.00 400.00 47200.00 400.00 29200.00 5200.00 400.00 0.00 0.00 0.00 3200.00 0.00 3955200.00 800.00 400.00 0.00 0.00 0.00 5600.00 4800.00 3200.00 2000.00 400.00 0.00 0.00 1600.00 800.00 0.00 0.00 2000.00 1600.00 400.00 0.00 0.00 0.00 0.00 0.00 0.00 0.00 0.00 0.00 0.00 0.00 0.00 0.00 0.00 0.00 0.00 0.00 0.00
0.00 0.00 0.00 0.00 400.00 400.00 3200.00 800.00 0.00 4400.00 0.00 1200.00 400.00 800.00 0.00 170000.00 5600.00 2400.00 800.00 4400.00 0.00 400.00 0.00 800.00 1600.00 0.00 0.00 36400.00 38000.00 0.00 48800.00 800.00 29600.00 5600.00 800.00 0.00 800.00 1600.00 0.00 4000.00 3956800.00 800.00 400.00 0.00 0.00 400.00 0.00 0.00 0.00 800.00 7600.00 7200.00 6800.00 4000.00 3600.00 3200.00 2000.00 800.00 400.00 400.00 0.00 0.00 0.00 0.00 0.00 0.00 0.00 0.00 0.00 0.00 0.00 0.00 0.00 0.00 0.00 0.00 0.00 0.00
0.00 0.00 0.00 0.00 0.00 2000.00 400.00 1600.00 4000.00 0.00 400.00 0.00 0.00 400.00 8800.00 9200.00 186000.00 193200.00 6000.00 400.00 0.00 0.00 1200.00 2000.00 2400.00 5200.00 0.00 400.00 800.00 38400.00 88000.00 1200.00 30000.00 6000.00 1200.00 0.00 800.00 0.00 2000.00 3967200.00 4800.00 3600.00 2400.00 2000.00 1200.00 0.00 0.00 0.00 1600.00 8800.00 400.00 0.00 0.00 0.00 0.00 0.00 0.00 400.00 0.00 0.00 0.00 0.00 0.00 0.00 0.00 0.00 0.00 0.00 0.00 0.00 0.00 0.00 0.00 0.00 0.00 0.00 0.00 0.00
0.00 0.00 0.00 0.00 1600.00 0.00 1200.00 1600.00 800.00 1600.00 3600.00 6000.00 7200.00 7600.00 0.00 400.00 3600.00 0.00 194000.00 8000.00 0.00 0.00 400.00 0.00 0.00 5600.00 0.00 0.00 0.00 1600.00 2000.00 92400.00 30400.00 6400.00 1600.00 0.00 0.00 2000.00 3970400.00 0.00 0.00 0.00 400.00 0.00 0.00 0.00 400.00 12800.00 10000.00 400.00 0.00 3600.00 2800.00 2000.00 1200.00 400.00 0.00 0.00 400.00 0.00 400.00 0.00 0.00 0.00 0.00 0.00 0.00 0.00 0.00 0.00 0.00 0.00 0.00 0.00 0.00 0.00 0.00 0.00
