sim0/prepro/dtm_local_slope_1
north:     0
south:           0.00000000
east:      0
west:            0.00000000
rows:    246
cols:    130
[rows 57 to 75 of 246, columns 43 to 85 of 130]
0.000000000000E+00 0.000000000000E+00 0.705493152142E+00 0.000000000000E+00 0.301501452923E+00 0.273498535156E+00 0.466503918171E+00 0.000000000000E+00 0.246997073293E+00 0.000000000000E+00 0.000000000000E+00 0.000000000000E+00 0.182507321239E+00 0.158496096730E+00 0.168994143605E+00 0.201452642679E+00 0.000000000000E+00 0.138000488281E+00 0.994995087385E-01 0.251501470804E+00 0.246948242188E+00 0.580078139901E-01 0.505004897714E-01 0.244995113462E-01 0.262548834085E+00 0.113500975072E+00 0.297558605671E+00 0.000000000000E+00 0.483996570110E+00 0.381542980671E+00 0.000000000000E+00 0.000000000000E+00 0.000000000000E+00 0.000000000000E+00 0.181958004832E+00 0.358007818460E+00 0.270495593548E+00 0.264501959085E+00 0.000000000000E+00 0.337048351765E+00 0.575500488281E+00 0.000000000000E+00 0.000000000000E+00
0.670996069908E+00 0.000000000000E+00 0.000000000000E+00 0.615002453327E+00 0.000000000000E+00 0.000000000000E+00 0.000000000000E+00 0.421948254108E+00 0.318957507610E+00 0.000000000000E+00 0.279943853617E+00 0.304956048727E+00 0.306945800781E+00 0.272949218750E+00 0.000000000000E+00 0.386999517679E+00 0.308996587992E+00 0.260949701071E+00 0.000000000000E+00 0.393945306540E+00 0.380004882812E+00 0.332946777344E+00 0.000000000000E+00 0.203942865133E+00 0.000000000000E+00 0.000000000000E+00 0.206555172801E+00 0.221997067332E+00 0.000000000000E+00 0.272009283304E+00 0.117492675781E+00 0.000000000000E+00 0.000000000000E+00 0.428955078125E+00 0.000000000000E+00 0.000000000000E+00 0.385449230671E+00 0.235949710011E+00 0.000000000000E+00 0.000000000000E+00 0.405554205179E+00 0.423449695110E+00 0.585009753704E+00
0.000000000000E+00 0.531494140625E+00 0.000000000000E+00 0.000000000000E+00 0.000000000000E+00 0.260498046875E+00 0.340942382812E+00 0.000000000000E+00 0.000000000000E+00 0.000000000000E+00 0.000000000000E+00 0.000000000000E+00 0.000000000000E+00 0.194995120168E+00 0.000000000000E+00 0.127001956105E+00 0.119946286082E+00 0.945068374276E-01 0.000000000000E+00 0.206506341696E+00 0.173449710011E+00 0.000000000000E+00 0.854980498552E-01 0.000000000000E+00 0.409497082233E+00 0.000000000000E+00 0.285998523235E+00 0.000000000000E+00 0.517993152142E+00 0.000000000000E+00 0.000000000000E+00 0.000000000000E+00 0.000000000000E+00 0.165502935648E+00 0.000000000000E+00 0.123510740697E+00 0.000000000000E+00 0.824951156974E-01 0.503002941608E+00 0.190551757812E+00 0.406005859375E+00 0.000000000000E+00 0.280944824219E+00
0.876953125000E+00 0.549450695515E+00 0.000000000000E+00 0.000000000000E+00 0.540991187096E+00 0.527954101562E+00 0.443994134665E+00 0.411450207233E+00 0.313452154398E+00 0.000000000000E+00 0.000000000000E+00 0.295446783304E+00 0.313952624798E+00 0.000000000000E+00 0.362451165915E+00 0.246447756886E+00 0.000000000000E+00 0.288439929485E+00 0.395507812500E+00 0.000000000000E+00 0.135998532176E+00 0.353454589844E+00 0.247949212790E+00 0.000000000000E+00 0.352551281452E+00 0.276452630758E+00 0.000000000000E+00 0.217492669821E+00 0.417553722858E+00 0.311999499798E+00 0.000000000000E+00 0.519445776939E+00 0.431506335735E+00 0.252441406250E+00 0.309497058392E+00 0.166442871094E+00 0.000000000000E+00 0.123999021947E+00 0.393054187298E+00 0.202001959085E+00 0.230041503906E+00 0.300952136517E+00 0.214453130960E+00
0.000000000000E+00 0.000000000000E+00 0.470446765423E+00 0.228002935648E+00 0.000000000000E+00 0.000000000000E+00 0.210449218750E+00 0.178991705179E+00 0.192492678761E+00 0.000000000000E+00 0.142004400492E+00 0.000000000000E+00 0.153503417969E+00 0.000000000000E+00 0.155993655324E+00 0.122949220240E+00 0.000000000000E+00 0.189953610301E+00 0.143444821239E+00 0.000000000000E+00 0.104443356395E+00 0.200500488281E+00 0.000000000000E+00 0.194494634867E+00 0.256054699421E+00 0.103002928197E+00 0.526049792767E+00 0.293493658304E+00 0.000000000000E+00 0.291955560446E+00 0.000000000000E+00 0.260998547077E+00 0.000000000000E+00 0.165502935648E+00 0.000000000000E+00 0.000000000000E+00 0.347546398640E+00 0.292004406452E+00 0.000000000000E+00 0.000000000000E+00 0.239501953125E+00 0.198498532176E+00 0.000000000000E+00
0.000000000000E+00 0.587438941002E+00 0.582946777344E+00 0.000000000000E+00 0.000000000000E+00 0.412951648235E+00 0.370507806540E+00 0.366455078125E+00 0.000000000000E+00 0.404956042767E+00 0.000000000000E+00 0.284448236227E+00 0.246447756886E+00 0.283447265625E+00 0.233959957957E+00 0.000000000000E+00 0.243945315480E+00 0.163500979543E+00 0.000000000000E+00 0.333447277546E+00 0.000000000000E+00 0.000000000000E+00 0.337048351765E+00 0.000000000000E+00 0.186047360301E+00 0.270507812500E+00 0.521044909954E+00 0.000000000000E+00 0.399450689554E+00 0.407495111227E+00 0.275952160358E+00 0.000000000000E+00 0.137048333883E+00 0.000000000000E+00 0.335449203849E-01 0.800048857927E-01 0.464050292969E+00 0.000000000000E+00 0.309545904398E+00 0.268457025290E+00 0.854492187500E-01 0.000000000000E+00 0.142053216696E+00
0.000000000000E+00 0.492456048727E+00 0.458007812500E+00 0.465454101562E+00 0.461950689554E+00 0.345446765423E+00 0.317944347858E+00 0.000000000000E+00 0.319006353617E+00 0.336950689554E+00 0.324499517679E+00 0.305944830179E+00 0.000000000000E+00 0.305957019329E+00 0.214489743114E+00 0.232446283102E+00 0.255004882812E+00 0.000000000000E+00 0.221997067332E+00 0.000000000000E+00 0.000000000000E+00 0.000000000000E+00 0.244042962790E+00 0.290002435446E+00 0.466052234173E+00 0.000000000000E+00 0.413049310446E+00 0.237951666117E+00 0.000000000000E+00 0.146447747946E+00 0.000000000000E+00 0.120446778834E+00 0.000000000000E+00 0.000000000000E+00 0.168554693460E+00 0.334045410156E+00 0.000000000000E+00 0.000000000000E+00 0.308447271585E+00 0.141442865133E+00 0.000000000000E+00 0.349975600839E-01 0.935546904802E-01
0.644946277142E+00 0.000000000000E+00 0.000000000000E+00 0.000000000000E+00 0.000000000000E+00 0.141003414989E+00 0.170996099710E+00 0.000000000000E+00 0.176940917969E+00 0.000000000000E+00 0.196459963918E+00 0.162499994040E+00 0.125952154398E+00 0.101000979543E+00 0.113952636719E+00 0.000000000000E+00 0.000000000000E+00 0.134997561574E+00 0.000000000000E+00 0.000000000000E+00 0.914916992188E-01 0.192053228617E+00 0.437500000000E+00 0.000000000000E+00 0.359497070312E+00 0.226550295949E+00 0.286010742188E+00 0.193505853415E+00 0.000000000000E+00 0.000000000000E+00 0.152941897511E+00 0.000000000000E+00 0.880004912615E-01 0.310546875000E+00 0.000000000000E+00 0.000000000000E+00 0.000000000000E+00 0.989990234375E-01 0.000000000000E+00 0.103002928197E+00 0.174047857523E+00 0.101049803197E+00 0.000000000000E+00
0.000000000000E+00 0.401953130960E+00 0.000000000000E+00 0.000000000000E+00 0.352490246296E+00 0.310949712992E+00 0.329455554485E+00 0.319958508015E+00 0.275000005960E+00 0.333959966898E+00 0.289489746094E+00 0.339953601360E+00 0.290502935648E+00 0.266943365335E+00 0.276000976562E+00 0.000000000000E+00 0.223498538136E+00 0.000000000000E+00 0.000000000000E+00 0.286999523640E+00 0.252539068460E+00 0.000000000000E+00 0.000000000000E+00 0.161999508739E+00 0.403051763773E+00 0.273950189352E+00 0.477001965046E+00 0.000000000000E+00 0.292004406452E+00 0.000000000000E+00 0.000000000000E+00 0.151000976562E+00 0.237548828125E+00 0.315991222858E+00 0.234997555614E+00 0.000000000000E+00 0.365942388773E+00 0.000000000000E+00 0.223449707031E+00 0.000000000000E+00 0.220056146383E+00 0.123999021947E+00 0.000000000000E+00
0.440454095602E+00 0.210998535156E+00 0.000000000000E+00 0.196496576071E+00 0.184948727489E+00 0.148498535156E+00 0.193444818258E+00 0.180993646383E+00 0.178955078125E+00 0.000000000000E+00 0.148449704051E+00 0.000000000000E+00 0.141442865133E+00 0.121496580541E+00 0.000000000000E+00 0.197045892477E+00 0.000000000000E+00 0.127551272511E+00 0.177502438426E+00 0.339050292969E+00 0.144995123148E+00 0.193554684520E+00 0.476550281048E+00 0.000000000000E+00 0.000000000000E+00 0.267492681742E+00 0.000000000000E+00 0.239050298929E+00 0.000000000000E+00 0.190551757812E+00 0.104504391551E+00 0.377551257610E+00 0.000000000000E+00 0.000000000000E+00 0.000000000000E+00 0.245007321239E+00 0.000000000000E+00 0.181994631886E+00 0.565551742911E-01 0.237499997020E+00 0.520544409752E+00 0.464550793171E+00 0.527551293373E+00
0.000000000000E+00 0.000000000000E+00 0.383996576071E+00 0.390954583883E+00 0.326501458883E+00 0.000000000000E+00 0.310510247946E+00 0.000000000000E+00 0.321447759867E+00 0.294946283102E+00 0.000000000000E+00 0.312951654196E+00 0.258459478617E+00 0.224450677633E+00 0.000000000000E+00 0.000000000000E+00 0.108544923365E+00 0.839965790510E-01 0.303552240133E+00 0.301501452923E+00 0.555541999638E-01 0.245495602489E+00 0.304553210735E+00 0.292456060648E+00 0.329455554485E+00 0.000000000000E+00 0.260949701071E+00 0.000000000000E+00 0.000000000000E+00 0.000000000000E+00 0.000000000000E+00 0.387048333883E+00 0.282946765423E+00 0.317456066608E+00 0.361450195312E+00 0.231445312500E+00 0.324951171875E+00 0.363940417767E+00 0.000000000000E+00 0.385949701071E+00 0.564453125000E+00 0.640454113483E+00 0.000000000000E+00
0.000000000000E+00 0.193005368114E+00 0.185949712992E+00 0.131494134665E+00 0.164453119040E+00 0.000000000000E+00 0.206445306540E+00 0.153991699219E+00 0.164501950145E+00 0.000000000000E+00 0.140502929688E+00 0.144006341696E+00 0.123498536646E+00 0.118505857885E+00 0.000000000000E+00 0.322497546673E+00 0.000000000000E+00 0.264050304890E+00 0.000000000000E+00 0.000000000000E+00 0.000000000000E+00 0.229541018605E+00 0.232055664062E+00 0.984985381365E-01 0.000000000000E+00 0.104504391551E+00 0.000000000000E+00 0.120996095240E+00 0.263549804688E+00 0.263500988483E+00 0.515502914786E-01 0.282006829977E+00 0.000000000000E+00 0.000000000000E+00 0.230505377054E+00 0.373449712992E+00 0.358007818460E+00 0.000000000000E+00 0.000000000000E+00 0.000000000000E+00 0.000000000000E+00 0.398950189352E+00 0.000000000000E+00
0.000000000000E+00 0.000000000000E+00 0.000000000000E+00 0.311450183392E+00 0.314501941204E+00 0.371447741985E+00 0.219995111227E+00 0.000000000000E+00 0.306445300579E+00 0.339953601360E+00 0.262451171875E+00 0.246447756886E+00 0.000000000000E+00 0.198449701071E+00 0.357556164265E+00 0.241040036082E+00 0.000000000000E+00 0.344055175781E+00 0.000000000000E+00 0.176550298929E+00 0.167541503906E+00 0.000000000000E+00 0.000000000000E+00 0.000000000000E+00 0.140051275492E+00 0.494995117188E-01 0.256555169821E+00 0.178991705179E+00 0.000000000000E+00 0.187561035156E+00 0.000000000000E+00 0.000000000000E+00 0.000000000000E+00 0.489501953125E+00 0.589453101158E+00 0.481494128704E+00 0.000000000000E+00 0.382006824017E+00 0.000000000000E+00 0.561999499798E+00 0.571447730064E+00 0.522998034954E+00 0.000000000000E+00
0.000000000000E+00 0.000000000000E+00 0.316455066204E+00 0.288952648640E+00 0.292443841696E+00 0.275952160358E+00 0.293457031250E+00 0.311450183392E+00 0.298999011517E+00 0.307946771383E+00 0.270495593548E+00 0.249450683594E+00 0.466003417969E+00 0.000000000000E+00 0.645056128502E+00 0.000000000000E+00 0.279541015625E+00 0.457006841898E+00 0.199560552835E+00 0.000000000000E+00 0.314550787210E+00 0.000000000000E+00 0.969970673323E-01 0.000000000000E+00 0.000000000000E+00 0.186547845602E+00 0.000000000000E+00 0.000000000000E+00 0.201049804688E+00 0.123498536646E+00 0.000000000000E+00 0.000000000000E+00 0.000000000000E+00 0.000000000000E+00 0.485498040915E+00 0.550451636314E+00 0.560949683189E+00 0.622448742390E+00 0.551440417767E+00 0.466955572367E+00 0.000000000000E+00 0.637951672077E+00 0.721447765827E+00
0.000000000000E+00 0.000000000000E+00 0.000000000000E+00 0.145495608449E+00 0.145007327199E+00 0.134997561574E+00 0.000000000000E+00 0.000000000000E+00 0.140454098582E+00 0.127001956105E+00 0.166455075145E+00 0.151000976562E+00 0.000000000000E+00 0.220556646585E+00 0.590502917767E+00 0.467541515827E+00 0.000000000000E+00 0.435498058796E+00 0.412951648235E+00 0.430004894733E+00 0.387438952923E+00 0.000000000000E+00 0.000000000000E+00 0.000000000000E+00 0.000000000000E+00 0.152050778270E+00 0.185498043895E+00 0.108056642115E+00 0.149499505758E+00 0.214550778270E+00 0.000000000000E+00 0.000000000000E+00 0.000000000000E+00 0.000000000000E+00 0.222949221730E+00 0.247448727489E+00 0.000000000000E+00 0.000000000000E+00 0.000000000000E+00 0.330944836140E+00 0.000000000000E+00 0.250952154398E+00 0.387499988079E+00
0.303955078125E+00 0.295446783304E+00 0.271948248148E+00 0.268457025290E+00 0.000000000000E+00 0.285949707031E+00 0.293457031250E+00 0.307446300983E+00 0.286499023438E+00 0.272949218750E+00 0.250500500202E+00 0.272949218750E+00 0.000000000000E+00 0.000000000000E+00 0.645043969154E+00 0.823950171471E+00 0.940002441406E+00 0.901953101158E+00 0.982495129108E+00 0.000000000000E+00 0.757507324219E+00 0.669445812702E+00 0.000000000000E+00 0.000000000000E+00 0.435546875000E+00 0.000000000000E+00 0.239941403270E+00 0.000000000000E+00 0.000000000000E+00 0.349499523640E+00 0.000000000000E+00 0.554992675781E+00 0.500451683998E+00 0.514001488686E+00 0.436450183392E+00 0.385009765625E+00 0.423449695110E+00 0.000000000000E+00 0.000000000000E+00 0.448498547077E+00 0.000000000000E+00 0.441491693258E+00 0.681445300579E+00
0.253442376852E+00 0.000000000000E+00 0.000000000000E+00 0.000000000000E+00 0.000000000000E+00 0.142504885793E+00 0.146997064352E+00 0.135998532176E+00 0.134448245168E+00 0.139501959085E+00 0.137939453125E+00 0.122998043895E+00 0.245446771383E+00 0.000000000000E+00 0.547497570515E+00 0.401000976562E+00 0.433447271585E+00 0.000000000000E+00 0.332946777344E+00 0.000000000000E+00 0.000000000000E+00 0.000000000000E+00 0.000000000000E+00 0.332495123148E+00 0.399047851562E+00 0.000000000000E+00 0.000000000000E+00 0.000000000000E+00 0.000000000000E+00 0.000000000000E+00 0.439001470804E+00 0.260949701071E+00 0.383996576071E+00 0.000000000000E+00 0.000000000000E+00 0.232446283102E+00 0.000000000000E+00 0.000000000000E+00 0.000000000000E+00 0.594604499638E-01 0.242041021585E+00 0.000000000000E+00 0.263500988483E+00
0.000000000000E+00 0.219458013773E+00 0.000000000000E+00 0.282446295023E+00 0.289941400290E+00 0.281945794821E+00 0.272949218750E+00 0.294445812702E+00 0.287499994040E+00 0.267944335938E+00 0.282006829977E+00 0.315954595804E+00 0.402502447367E+00 0.490441888571E+00 0.659497082233E+00 0.729956030846E+00 0.653503417969E+00 0.720947265625E+00 0.675000011921E+00 0.661950707436E+00 0.659497082233E+00 0.000000000000E+00 0.000000000000E+00 0.000000000000E+00 0.000000000000E+00 0.677954077721E+00 0.674951195717E+00 0.709448218346E+00 0.000000000000E+00 0.662500023842E+00 0.550952136517E+00 0.594506859779E+00 0.536950707436E+00 0.369506835938E+00 0.192944332957E+00 0.118005372584E+00 0.342902839184E+00 0.000000000000E+00 0.000000000000E+00 0.242993161082E+00 0.000000000000E+00 0.275500476360E+00 0.118957519531E+00
0.225451663136E+00 0.000000000000E+00 0.000000000000E+00 0.147998049855E+00 0.169506832957E+00 0.134497076273E+00 0.000000000000E+00 0.000000000000E+00 0.143457025290E+00 0.000000000000E+00 0.000000000000E+00 0.000000000000E+00 0.225952148438E+00 0.000000000000E+00 0.317956537008E+00 0.247497558594E+00 0.372448742390E+00 0.000000000000E+00 0.000000000000E+00 0.000000000000E+00 0.000000000000E+00 0.000000000000E+00 0.000000000000E+00 0.000000000000E+00 0.558544933796E+00 0.000000000000E+00 0.000000000000E+00 0.368005365133E+00 0.000000000000E+00 0.281945794821E+00 0.236999511719E+00 0.374511703849E-01 0.136499017477E+00 0.269409175962E-01 0.440063476562E-01 0.349487289786E-01 0.000000000000E+00 0.189948737621E+00 0.444555670023E+00 0.000000000000E+00 0.139550775290E+00 0.868506804109E-01 0.000000000000E+00
