sim0/prepro/dtm_kSs1_sf_1
north:     0
south:           0.00000000
east:      0
west:            0.00000000
rows:    246
cols:    130
[rows 57 to 75 of 246, columns 43 to 85 of 130]
0.000000000000E+00 0.000000000000E+00 0.613448917866E-01 0.000000000000E+00 0.835642814636E-01 0.842945575714E-01 0.613448917866E-01 0.000000000000E+00 0.948392003775E-01 0.000000000000E+00 0.000000000000E+00 0.000000000000E+00 0.907142311335E-01 0.786496028304E-01 0.720568746328E-01 0.831764414907E-01 0.000000000000E+00 0.928351581097E-01 0.938184484839E-01 0.613448917866E-01 0.613448917866E-01 0.979762449861E-01 0.733826756477E-01 0.620501160622E+00 0.720568746328E-01 0.704667791724E-01 0.613448917866E-01 0.000000000000E+00 0.657478272915E-01 0.613448917866E-01 0.000000000000E+00 0.000000000000E+00 0.000000000000E+00 0.000000000000E+00 0.103670164943E+00 0.657478272915E-01 0.704667791724E-01 0.704667791724E-01 0.000000000000E+00 0.779682323337E-01 0.613448917866E-01 0.000000000000E+00 0.000000000000E+00
0.684684589505E-01 0.000000000000E+00 0.000000000000E+00 0.613448917866E-01 0.000000000000E+00 0.000000000000E+00 0.000000000000E+00 0.613448917866E-01 0.959901586175E-01 0.000000000000E+00 0.657478272915E-01 0.819041058421E-01 0.912443548441E-01 0.792816653848E-01 0.000000000000E+00 0.835642814636E-01 0.613448917866E-01 0.938184484839E-01 0.000000000000E+00 0.613448917866E-01 0.657478272915E-01 0.980665907264E-01 0.000000000000E+00 0.620555222034E+00 0.000000000000E+00 0.000000000000E+00 0.779682323337E-01 0.613448917866E-01 0.000000000000E+00 0.613448917866E-01 0.613448917866E-01 0.000000000000E+00 0.000000000000E+00 0.613448917866E-01 0.000000000000E+00 0.000000000000E+00 0.720568746328E-01 0.621093153954E+00 0.000000000000E+00 0.000000000000E+00 0.704667791724E-01 0.704667791724E-01 0.684684589505E-01
0.000000000000E+00 0.613448917866E-01 0.000000000000E+00 0.000000000000E+00 0.000000000000E+00 0.764192342758E-01 0.849719867110E-01 0.000000000000E+00 0.000000000000E+00 0.000000000000E+00 0.000000000000E+00 0.000000000000E+00 0.000000000000E+00 0.798713862896E-01 0.000000000000E+00 0.859049558640E-01 0.657478272915E-01 0.100694850087E+00 0.000000000000E+00 0.657478272915E-01 0.684684589505E-01 0.000000000000E+00 0.613448917866E-01 0.000000000000E+00 0.792816653848E-01 0.000000000000E+00 0.613448917866E-01 0.000000000000E+00 0.613448917866E-01 0.000000000000E+00 0.000000000000E+00 0.000000000000E+00 0.000000000000E+00 0.684684589505E-01 0.000000000000E+00 0.103832706809E+00 0.000000000000E+00 0.621626973152E+00 0.755244195461E-01 0.657478272915E-01 0.613448917866E-01 0.000000000000E+00 0.704667791724E-01
0.613448917866E-01 0.733826756477E-01 0.000000000000E+00 0.000000000000E+00 0.764192342758E-01 0.779682323337E-01 0.613448917866E-01 0.613448917866E-01 0.861966833472E-01 0.000000000000E+00 0.000000000000E+00 0.720568746328E-01 0.827716141939E-01 0.000000000000E+00 0.613448917866E-01 0.864797830582E-01 0.000000000000E+00 0.100835785270E+00 0.613448917866E-01 0.000000000000E+00 0.991777852178E-01 0.613448917866E-01 0.621413946152E+00 0.000000000000E+00 0.684684589505E-01 0.613448917866E-01 0.000000000000E+00 0.764192342758E-01 0.745226368308E-01 0.720568746328E-01 0.000000000000E+00 0.613448917866E-01 0.657478272915E-01 0.720568746328E-01 0.613448917866E-01 0.631706655025E+00 0.000000000000E+00 0.779682323337E-01 0.764192342758E-01 0.745226368308E-01 0.733826756477E-01 0.613448917866E-01 0.720568746328E-01
0.000000000000E+00 0.000000000000E+00 0.613448917866E-01 0.684684589505E-01 0.000000000000E+00 0.000000000000E+00 0.657478272915E-01 0.657478272915E-01 0.864797830582E-01 0.000000000000E+00 0.963124781847E-01 0.000000000000E+00 0.831764414907E-01 0.000000000000E+00 0.939516201615E-01 0.875357016921E-01 0.000000000000E+00 0.100905589759E+00 0.720568746328E-01 0.000000000000E+00 0.992587804794E-01 0.657478272915E-01 0.000000000000E+00 0.823481380939E-01 0.819041058421E-01 0.814372897148E-01 0.684684589505E-01 0.613448917866E-01 0.000000000000E+00 0.613448917866E-01 0.000000000000E+00 0.684684589505E-01 0.000000000000E+00 0.733826756477E-01 0.000000000000E+00 0.000000000000E+00 0.704667791724E-01 0.613448917866E-01 0.000000000000E+00 0.000000000000E+00 0.613448917866E-01 0.657478272915E-01 0.000000000000E+00
0.000000000000E+00 0.877826437354E-01 0.755244195461E-01 0.000000000000E+00 0.000000000000E+00 0.804243460298E-01 0.804243460298E-01 0.684684589505E-01 0.000000000000E+00 0.613448917866E-01 0.000000000000E+00 0.613448917866E-01 0.861966833472E-01 0.613448917866E-01 0.942129716277E-01 0.000000000000E+00 0.613448917866E-01 0.101043917239E+00 0.000000000000E+00 0.613448917866E-01 0.000000000000E+00 0.000000000000E+00 0.613448917866E-01 0.000000000000E+00 0.720568746328E-01 0.657478272915E-01 0.613448917866E-01 0.000000000000E+00 0.613448917866E-01 0.657478272915E-01 0.613448917866E-01 0.000000000000E+00 0.613448917866E-01 0.000000000000E+00 0.632802307606E+00 0.733826756477E-01 0.657478272915E-01 0.000000000000E+00 0.613448917866E-01 0.613448917866E-01 0.657478272915E-01 0.000000000000E+00 0.684684589505E-01
0.000000000000E+00 0.882585495710E-01 0.764192342758E-01 0.613448917866E-01 0.720568746328E-01 0.814372897148E-01 0.809450745583E-01 0.000000000000E+00 0.613448917866E-01 0.872823297977E-01 0.613448917866E-01 0.967276841402E-01 0.000000000000E+00 0.657478272915E-01 0.981561914086E-01 0.613448917866E-01 0.657478272915E-01 0.000000000000E+00 0.613448917866E-01 0.000000000000E+00 0.000000000000E+00 0.000000000000E+00 0.792816653848E-01 0.657478272915E-01 0.613448917866E-01 0.000000000000E+00 0.613448917866E-01 0.613448917866E-01 0.000000000000E+00 0.684684589505E-01 0.000000000000E+00 0.613448917866E-01 0.000000000000E+00 0.000000000000E+00 0.657478272915E-01 0.657478272915E-01 0.000000000000E+00 0.000000000000E+00 0.613448917866E-01 0.657478272915E-01 0.000000000000E+00 0.606782019138E+00 0.606117725372E+00
0.733826756477E-01 0.000000000000E+00 0.000000000000E+00 0.000000000000E+00 0.000000000000E+00 0.819041058421E-01 0.814372897148E-01 0.000000000000E+00 0.733826756477E-01 0.000000000000E+00 0.657478272915E-01 0.968290194869E-01 0.613448917866E-01 0.872823297977E-01 0.982450619340E-01 0.000000000000E+00 0.000000000000E+00 0.613448917866E-01 0.000000000000E+00 0.000000000000E+00 0.835642814636E-01 0.733826756477E-01 0.613448917866E-01 0.000000000000E+00 0.684684589505E-01 0.657478272915E-01 0.613448917866E-01 0.657478272915E-01 0.000000000000E+00 0.000000000000E+00 0.613448917866E-01 0.000000000000E+00 0.733826756477E-01 0.613448917866E-01 0.000000000000E+00 0.000000000000E+00 0.000000000000E+00 0.613448917866E-01 0.000000000000E+00 0.608479022980E+00 0.613448917866E-01 0.720568746328E-01 0.000000000000E+00
0.000000000000E+00 0.613448917866E-01 0.000000000000E+00 0.000000000000E+00 0.684684589505E-01 0.846393704414E-01 0.819041058421E-01 0.613448917866E-01 0.755244195461E-01 0.613448917866E-01 0.882585495710E-01 0.969294160604E-01 0.657478272915E-01 0.875357016921E-01 0.985074117780E-01 0.000000000000E+00 0.613448917866E-01 0.000000000000E+00 0.000000000000E+00 0.657478272915E-01 0.613448917866E-01 0.000000000000E+00 0.000000000000E+00 0.684684589505E-01 0.613448917866E-01 0.613448917866E-01 0.613448917866E-01 0.000000000000E+00 0.613448917866E-01 0.000000000000E+00 0.000000000000E+00 0.720568746328E-01 0.684684589505E-01 0.613448917866E-01 0.613448917866E-01 0.000000000000E+00 0.613448917866E-01 0.000000000000E+00 0.613448917866E-01 0.000000000000E+00 0.613448917866E-01 0.657478272915E-01 0.000000000000E+00
0.745226368308E-01 0.772286430001E-01 0.000000000000E+00 0.905311480165E-01 0.804243460298E-01 0.849719867110E-01 0.823481380939E-01 0.657478272915E-01 0.764192342758E-01 0.000000000000E+00 0.884881019592E-01 0.000000000000E+00 0.684684589505E-01 0.877826437354E-01 0.000000000000E+00 0.613448917866E-01 0.000000000000E+00 0.624593496323E+00 0.720568746328E-01 0.704667791724E-01 0.684684589505E-01 0.657478272915E-01 0.613448917866E-01 0.000000000000E+00 0.000000000000E+00 0.657478272915E-01 0.000000000000E+00 0.613448917866E-01 0.000000000000E+00 0.634811758995E+00 0.657478272915E-01 0.613448917866E-01 0.000000000000E+00 0.000000000000E+00 0.000000000000E+00 0.613448917866E-01 0.000000000000E+00 0.745226368308E-01 0.733826756477E-01 0.657478272915E-01 0.613448917866E-01 0.613448917866E-01 0.613448917866E-01
0.000000000000E+00 0.000000000000E+00 0.613448917866E-01 0.908940508962E-01 0.809450745583E-01 0.000000000000E+00 0.827716141939E-01 0.000000000000E+00 0.772286430001E-01 0.613448917866E-01 0.000000000000E+00 0.613448917866E-01 0.974178314209E-01 0.108941636980E+00 0.000000000000E+00 0.000000000000E+00 0.839365646243E-01 0.835642814636E-01 0.804243460298E-01 0.792816653848E-01 0.704667791724E-01 0.684684589505E-01 0.657478272915E-01 0.613448917866E-01 0.613448917866E-01 0.000000000000E+00 0.613448917866E-01 0.000000000000E+00 0.000000000000E+00 0.000000000000E+00 0.000000000000E+00 0.613448917866E-01 0.613448917866E-01 0.704667791724E-01 0.613448917866E-01 0.609439074993E+00 0.613448917866E-01 0.613448917866E-01 0.000000000000E+00 0.613448917866E-01 0.613448917866E-01 0.613448917866E-01 0.000000000000E+00
0.000000000000E+00 0.657478272915E-01 0.792816653848E-01 0.910707190633E-01 0.814372897148E-01 0.000000000000E+00 0.903446748853E-01 0.613448917866E-01 0.798713862896E-01 0.000000000000E+00 0.613448917866E-01 0.895619839430E-01 0.975129157305E-01 0.109011270106E+00 0.000000000000E+00 0.613448917866E-01 0.000000000000E+00 0.720568746328E-01 0.000000000000E+00 0.000000000000E+00 0.000000000000E+00 0.684684589505E-01 0.613448917866E-01 0.657478272915E-01 0.000000000000E+00 0.613448917866E-01 0.000000000000E+00 0.779682323337E-01 0.745226368308E-01 0.720568746328E-01 0.657478272915E-01 0.613448917866E-01 0.000000000000E+00 0.000000000000E+00 0.657478272915E-01 0.609502553940E+00 0.657478272915E-01 0.000000000000E+00 0.000000000000E+00 0.000000000000E+00 0.000000000000E+00 0.684684589505E-01 0.000000000000E+00
0.000000000000E+00 0.000000000000E+00 0.000000000000E+00 0.912443548441E-01 0.819041058421E-01 0.613448917866E-01 0.907142311335E-01 0.000000000000E+00 0.804243460298E-01 0.613448917866E-01 0.704667791724E-01 0.897634774446E-01 0.000000000000E+00 0.645422875881E+00 0.657478272915E-01 0.613448917866E-01 0.000000000000E+00 0.613448917866E-01 0.000000000000E+00 0.613448917866E-01 0.684684589505E-01 0.000000000000E+00 0.000000000000E+00 0.000000000000E+00 0.635990440845E+00 0.635947167873E+00 0.733826756477E-01 0.613448917866E-01 0.000000000000E+00 0.613448917866E-01 0.000000000000E+00 0.000000000000E+00 0.000000000000E+00 0.613448917866E-01 0.755244195461E-01 0.609566032887E+00 0.000000000000E+00 0.657478272915E-01 0.000000000000E+00 0.684684589505E-01 0.613448917866E-01 0.733826756477E-01 0.000000000000E+00
0.000000000000E+00 0.000000000000E+00 0.779682323337E-01 0.935468822718E-01 0.823481380939E-01 0.657478272915E-01 0.908940508962E-01 0.613448917866E-01 0.819041058421E-01 0.657478272915E-01 0.720568746328E-01 0.101248256862E+00 0.613448917866E-01 0.000000000000E+00 0.613448917866E-01 0.000000000000E+00 0.657478272915E-01 0.613448917866E-01 0.613448917866E-01 0.000000000000E+00 0.613448917866E-01 0.000000000000E+00 0.636722624302E+00 0.000000000000E+00 0.000000000000E+00 0.613448917866E-01 0.000000000000E+00 0.000000000000E+00 0.684684589505E-01 0.657478272915E-01 0.000000000000E+00 0.000000000000E+00 0.000000000000E+00 0.000000000000E+00 0.764192342758E-01 0.610008597374E+00 0.613448917866E-01 0.733826756477E-01 0.613448917866E-01 0.704667791724E-01 0.000000000000E+00 0.764192342758E-01 0.613448917866E-01
0.000000000000E+00 0.000000000000E+00 0.000000000000E+00 0.936835482717E-01 0.827716141939E-01 0.684684589505E-01 0.000000000000E+00 0.000000000000E+00 0.823481380939E-01 0.684684589505E-01 0.733826756477E-01 0.101315550506E+00 0.000000000000E+00 0.764192342758E-01 0.755244195461E-01 0.613448917866E-01 0.000000000000E+00 0.613448917866E-01 0.613448917866E-01 0.613448917866E-01 0.613448917866E-01 0.000000000000E+00 0.000000000000E+00 0.000000000000E+00 0.000000000000E+00 0.720568746328E-01 0.704667791724E-01 0.684684589505E-01 0.657478272915E-01 0.613448917866E-01 0.000000000000E+00 0.000000000000E+00 0.000000000000E+00 0.000000000000E+00 0.792816653848E-01 0.610071599483E+00 0.000000000000E+00 0.000000000000E+00 0.000000000000E+00 0.745226368308E-01 0.000000000000E+00 0.772286430001E-01 0.720568746328E-01
0.704667791724E-01 0.755244195461E-01 0.745226368308E-01 0.955446437001E-01 0.000000000000E+00 0.704667791724E-01 0.613448917866E-01 0.912443548441E-01 0.835642814636E-01 0.704667791724E-01 0.745226368308E-01 0.651422619820E+00 0.000000000000E+00 0.000000000000E+00 0.613448917866E-01 0.613448917866E-01 0.613448917866E-01 0.657478272915E-01 0.657478272915E-01 0.000000000000E+00 0.684684589505E-01 0.636851072311E+00 0.000000000000E+00 0.000000000000E+00 0.613448917866E-01 0.000000000000E+00 0.613448917866E-01 0.000000000000E+00 0.000000000000E+00 0.613448917866E-01 0.000000000000E+00 0.657478272915E-01 0.733826756477E-01 0.684684589505E-01 0.809450745583E-01 0.610260188580E+00 0.755244195461E-01 0.000000000000E+00 0.000000000000E+00 0.764192342758E-01 0.000000000000E+00 0.779682323337E-01 0.745226368308E-01
0.733826756477E-01 0.000000000000E+00 0.000000000000E+00 0.000000000000E+00 0.000000000000E+00 0.849719867110E-01 0.657478272915E-01 0.914150699973E-01 0.839365646243E-01 0.720568746328E-01 0.755244195461E-01 0.651492416859E+00 0.684684589505E-01 0.000000000000E+00 0.613448917866E-01 0.657478272915E-01 0.657478272915E-01 0.000000000000E+00 0.720568746328E-01 0.000000000000E+00 0.000000000000E+00 0.000000000000E+00 0.000000000000E+00 0.684684589505E-01 0.657478272915E-01 0.000000000000E+00 0.000000000000E+00 0.000000000000E+00 0.000000000000E+00 0.000000000000E+00 0.613448917866E-01 0.704667791724E-01 0.745226368308E-01 0.000000000000E+00 0.000000000000E+00 0.610322952271E+00 0.000000000000E+00 0.000000000000E+00 0.000000000000E+00 0.786496028304E-01 0.613448917866E-01 0.000000000000E+00 0.755244195461E-01
0.000000000000E+00 0.613448917866E-01 0.000000000000E+00 0.764192342758E-01 0.957697331905E-01 0.856040343642E-01 0.684684589505E-01 0.915829613805E-01 0.842945575714E-01 0.733826756477E-01 0.764192342758E-01 0.651527225971E+00 0.733826756477E-01 0.613448917866E-01 0.613448917866E-01 0.684684589505E-01 0.733826756477E-01 0.613448917866E-01 0.745226368308E-01 0.720568746328E-01 0.637064576149E+00 0.000000000000E+00 0.000000000000E+00 0.000000000000E+00 0.000000000000E+00 0.704667791724E-01 0.684684589505E-01 0.613448917866E-01 0.000000000000E+00 0.657478272915E-01 0.704667791724E-01 0.720568746328E-01 0.613448917866E-01 0.613448917866E-01 0.786496028304E-01 0.612179100513E+00 0.684684589505E-01 0.000000000000E+00 0.000000000000E+00 0.792816653848E-01 0.000000000000E+00 0.613448917866E-01 0.867547839880E-01
0.733826756477E-01 0.000000000000E+00 0.000000000000E+00 0.849719867110E-01 0.958805158734E-01 0.859049558640E-01 0.000000000000E+00 0.000000000000E+00 0.846393704414E-01 0.000000000000E+00 0.000000000000E+00 0.000000000000E+00 0.745226368308E-01 0.000000000000E+00 0.657478272915E-01 0.733826756477E-01 0.745226368308E-01 0.000000000000E+00 0.000000000000E+00 0.000000000000E+00 0.000000000000E+00 0.000000000000E+00 0.000000000000E+00 0.000000000000E+00 0.613448917866E-01 0.000000000000E+00 0.000000000000E+00 0.657478272915E-01 0.000000000000E+00 0.704667791724E-01 0.720568746328E-01 0.733826756477E-01 0.755244195461E-01 0.772286430001E-01 0.792816653848E-01 0.612240135670E+00 0.000000000000E+00 0.684684589505E-01 0.613448917866E-01 0.000000000000E+00 0.613448917866E-01 0.657478272915E-01 0.000000000000E+00
