sim0/prepro/dtm_local_slope_1
north:     0
south:           0.00000000
east:      0
west:            0.00000000
rows:    246
cols:    130
[rows 95 to 113 of 246, columns 43 to 85 of 130]
0.000000000000E+00 0.292456060648E+00 0.000000000000E+00 0.309448242188E+00 0.000000000000E+00 0.271447747946E+00 0.405456542969E+00 0.806506335735E+00 0.000000000000E+00 0.195507809520E+00 0.247998043895E+00 0.404504388571E+00 0.000000000000E+00 0.420996099710E+00 0.411499023438E+00 0.000000000000E+00 0.885498076677E-01 0.521508812904E+00 0.539550781250E+00 0.664990246296E+00 0.297998040915E+00 0.000000000000E+00 0.244445800781E+00 0.261450201273E+00 0.464953601360E+00 0.512451171875E+00 0.000000000000E+00 0.000000000000E+00 0.000000000000E+00 0.777050793171E+00 0.371008306742E+00 0.611547827721E+00 0.311999499798E+00 0.638049304485E+00 0.190551757812E+00 0.252490222454E+00 0.306054681540E+00 0.202001959085E+00 0.390551745892E+00 0.000000000000E+00 0.000000000000E+00 0.000000000000E+00 0.000000000000E+00
0.337951660156E+00 0.145996093750E+00 0.289953619242E+00 0.000000000000E+00 0.246447756886E+00 0.000000000000E+00 0.141992181540E+00 0.726940929890E+00 0.346508800983E+00 0.000000000000E+00 0.430505365133E+00 0.000000000000E+00 0.223498538136E+00 0.000000000000E+00 0.221447750926E+00 0.000000000000E+00 0.438000500202E+00 0.000000000000E+00 0.000000000000E+00 0.364550769329E+00 0.000000000000E+00 0.000000000000E+00 0.000000000000E+00 0.000000000000E+00 0.000000000000E+00 0.000000000000E+00 0.424548327923E+00 0.307995617390E+00 0.477050781250E+00 0.758544921875E+00 0.313500970602E+00 0.733056664467E+00 0.307995617390E+00 0.000000000000E+00 0.195495605469E+00 0.443054199219E+00 0.000000000000E+00 0.000000000000E+00 0.603552222252E+00 0.000000000000E+00 0.583557128906E+00 0.000000000000E+00 0.571057140827E+00
0.555993676186E+00 0.347448736429E+00 0.536499023438E+00 0.205456539989E+00 0.255957037210E+00 0.000000000000E+00 0.000000000000E+00 0.596496582031E+00 0.553454577923E+00 0.000000000000E+00 0.652948021889E+00 0.779003918171E+00 0.000000000000E+00 0.443945318460E+00 0.000000000000E+00 0.581994652748E+00 0.389550775290E+00 0.000000000000E+00 0.502001941204E+00 0.553955078125E+00 0.570446789265E+00 0.565502941608E+00 0.000000000000E+00 0.514440894127E+00 0.000000000000E+00 0.000000000000E+00 0.682995617390E+00 0.000000000000E+00 0.530505359173E+00 0.656042456627E+00 0.374011218548E+00 0.709545910358E+00 0.330554187298E+00 0.000000000000E+00 0.200549319386E+00 0.455993652344E+00 0.599047839642E+00 0.000000000000E+00 0.000000000000E+00 0.000000000000E+00 0.000000000000E+00 0.000000000000E+00 0.000000000000E+00
0.000000000000E+00 0.332995593548E+00 0.250952154398E+00 0.215002447367E+00 0.000000000000E+00 0.000000000000E+00 0.000000000000E+00 0.000000000000E+00 0.000000000000E+00 0.108594357967E+01 0.000000000000E+00 0.448449701071E+00 0.000000000000E+00 0.371002197266E+00 0.000000000000E+00 0.492053210735E+00 0.228955075145E+00 0.000000000000E+00 0.000000000000E+00 0.000000000000E+00 0.309509277344E+00 0.301953136921E+00 0.000000000000E+00 0.197448730469E+00 0.467041015625E+00 0.297509759665E+00 0.000000000000E+00 0.355993658304E+00 0.659057617188E+00 0.000000000000E+00 0.342504888773E+00 0.834045410156E+00 0.000000000000E+00 0.748059093952E+00 0.494494616985E+00 0.000000000000E+00 0.000000000000E+00 0.586547851562E+00 0.000000000000E+00 0.678991675377E+00 0.000000000000E+00 0.108249509335E+01 0.905554175377E+00
0.602001965046E+00 0.479455560446E+00 0.386999517679E+00 0.433447271585E+00 0.511450171471E+00 0.445495605469E+00 0.000000000000E+00 0.000000000000E+00 0.470446765423E+00 0.994000256062E+00 0.000000000000E+00 0.425351649523E+00 0.000000000000E+00 0.475946038961E+00 0.000000000000E+00 0.000000000000E+00 0.554498314857E+00 0.000000000000E+00 0.511450171471E+00 0.579003930092E+00 0.000000000000E+00 0.692993164062E+00 0.000000000000E+00 0.000000000000E+00 0.576989769936E+00 0.000000000000E+00 0.000000000000E+00 0.000000000000E+00 0.768994152546E+00 0.806555151939E+00 0.359045416117E+00 0.721997082233E+00 0.435559093952E+00 0.924499511719E+00 0.000000000000E+00 0.000000000000E+00 0.642504870892E+00 0.451501458883E+00 0.000000000000E+00 0.517004370689E+00 0.000000000000E+00 0.560949683189E+00 0.813488781452E+00
0.385949701071E+00 0.339953601360E+00 0.328454583883E+00 0.000000000000E+00 0.000000000000E+00 0.459448248148E+00 0.000000000000E+00 0.426446527243E+00 0.520953357220E+00 0.000000000000E+00 0.711350202560E+00 0.999999974738E-04 0.000000000000E+00 0.752502441406E+00 0.871948242188E+00 0.000000000000E+00 0.720953345299E+00 0.000000000000E+00 0.657000720501E+00 0.896447777748E+00 0.107850337029E+01 0.000000000000E+00 0.000000000000E+00 0.000000000000E+00 0.000000000000E+00 0.307507336140E+00 0.744042992592E+00 0.427050769329E+00 0.838500976562E+00 0.000000000000E+00 0.460498034954E+00 0.941552758217E+00 0.000000000000E+00 0.109454345703E+01 0.117949223518E+01 0.137244868279E+01 0.120395505428E+01 0.116295170784E+01 0.188695073128E+01 0.105145263672E+01 0.000000000000E+00 0.000000000000E+00 0.000000000000E+00
0.207995608449E+00 0.183496087790E+00 0.237499997020E+00 0.265002429485E+00 0.000000000000E+00 0.000000000000E+00 0.000000000000E+00 0.325952142477E+00 0.000000000000E+00 0.453448474407E+00 0.408001720905E+00 0.000000000000E+00 0.111049807072E+01 0.571447730064E+00 0.000000000000E+00 0.000000000000E+00 0.422448724508E+00 0.000000000000E+00 0.000000000000E+00 0.400500476360E+00 0.000000000000E+00 0.512048363686E+00 0.527551293373E+00 0.385998547077E+00 0.805053710938E+00 0.311499029398E+00 0.793054223061E+00 0.350488275290E+00 0.814550757408E+00 0.000000000000E+00 0.450500488281E+00 0.991052269936E+00 0.000000000000E+00 0.468505859375E+00 0.000000000000E+00 0.000000000000E+00 0.394506841898E+00 0.503454566002E+00 0.608044445515E+00 0.000000000000E+00 0.000000000000E+00 0.000000000000E+00 0.000000000000E+00
0.500451683998E+00 0.000000000000E+00 0.467944324017E+00 0.711450219154E+00 0.724505603313E+00 0.658453345299E+00 0.697003185749E+00 0.000000000000E+00 0.601452648640E+00 0.000000000000E+00 0.000000000000E+00 0.000000000000E+00 0.540954589844E+00 0.000000000000E+00 0.000000000000E+00 0.591448962688E+00 0.000000000000E+00 0.687951683998E+00 0.890997290611E+00 0.000000000000E+00 0.183551028371E+00 0.804998755455E+00 0.581054687500E+00 0.000000000000E+00 0.000000000000E+00 0.000000000000E+00 0.000000000000E+00 0.000000000000E+00 0.785498023033E+00 0.885546863079E+00 0.403503417969E+00 0.866052269936E+00 0.716992199421E+00 0.938940405846E+00 0.101949465275E+01 0.102294921875E+01 0.123344731331E+01 0.000000000000E+00 0.000000000000E+00 0.000000000000E+00 0.125594484806E+01 0.123793947697E+01 0.150644528866E+01
0.232501223683E+00 0.353997796774E+00 0.000000000000E+00 0.000000000000E+00 0.214453130960E+00 0.000000000000E+00 0.000000000000E+00 0.000000000000E+00 0.253497302532E+00 0.000000000000E+00 0.369000256062E+00 0.000000000000E+00 0.335998535156E+00 0.000000000000E+00 0.615051269531E+00 0.000000000000E+00 0.455450445414E+00 0.531500220299E+00 0.697949230671E+00 0.000000000000E+00 0.000000000000E+00 0.000000000000E+00 0.000000000000E+00 0.000000000000E+00 0.000000000000E+00 0.000000000000E+00 0.886547863483E+00 0.000000000000E+00 0.105605471134E+01 0.000000000000E+00 0.913452148438E+00 0.000000000000E+00 0.000000000000E+00 0.353002935648E+00 0.495959460735E+00 0.526452660561E+00 0.351501464844E+00 0.000000000000E+00 0.000000000000E+00 0.801452636719E+00 0.000000000000E+00 0.000000000000E+00 0.577453613281E+00
0.476953119040E+00 0.546948254108E+00 0.443450927734E+00 0.379949957132E+00 0.386499017477E+00 0.370953381062E+00 0.000000000000E+00 0.000000000000E+00 0.000000000000E+00 0.000000000000E+00 0.000000000000E+00 0.103649902344E+01 0.000000000000E+00 0.811498999596E+00 0.112144780159E+01 0.101494753361E+01 0.000000000000E+00 0.108994746208E+01 0.000000000000E+00 0.000000000000E+00 0.000000000000E+00 0.000000000000E+00 0.000000000000E+00 0.613952636719E+00 0.000000000000E+00 0.000000000000E+00 0.000000000000E+00 0.848999023438E+00 0.000000000000E+00 0.129844975471E+01 0.101550292969E+01 0.000000000000E+00 0.117600095272E+01 0.128444826603E+01 0.110494387150E+01 0.000000000000E+00 0.874450683594E+00 0.878503441811E+00 0.124145507812E+01 0.141394042969E+01 0.123601078987E+01 0.135244143009E+01 0.907995581627E+00
0.179998785257E+00 0.162499994040E+00 0.233502194285E+00 0.000000000000E+00 0.000000000000E+00 0.000000000000E+00 0.000000000000E+00 0.000000000000E+00 0.000000000000E+00 0.000000000000E+00 0.310998529196E+00 0.798449695110E+00 0.413500964642E+00 0.000000000000E+00 0.288952648640E+00 0.000000000000E+00 0.000000000000E+00 0.000000000000E+00 0.308001697063E+00 0.857550024986E+00 0.000000000000E+00 0.632000744343E+00 0.000000000000E+00 0.306951910257E+00 0.000000000000E+00 0.422509759665E+00 0.618542492390E+00 0.000000000000E+00 0.000000000000E+00 0.000000000000E+00 0.429492175579E+00 0.000000000000E+00 0.000000000000E+00 0.000000000000E+00 0.473498523235E+00 0.516442894936E+00 0.000000000000E+00 0.429003894329E+00 0.570446789265E+00 0.360998541117E+00 0.000000000000E+00 0.557507336140E+00 0.000000000000E+00
0.279449462891E+00 0.373449712992E+00 0.323950201273E+00 0.000000000000E+00 0.000000000000E+00 0.422454833984E+00 0.000000000000E+00 0.000000000000E+00 0.547949194908E+00 0.590496838093E+00 0.533453345299E+00 0.552496314049E+00 0.479949951172E+00 0.000000000000E+00 0.252996832132E+00 0.000000000000E+00 0.000000000000E+00 0.296496570110E+00 0.306555181742E+00 0.773046851158E+00 0.400451660156E+00 0.535552978516E+00 0.000000000000E+00 0.000000000000E+00 0.000000000000E+00 0.883996605873E+00 0.858447253704E+00 0.000000000000E+00 0.000000000000E+00 0.000000000000E+00 0.000000000000E+00 0.875952124596E+00 0.981945812702E+00 0.000000000000E+00 0.000000000000E+00 0.852502465248E+00 0.000000000000E+00 0.917956531048E+00 0.897497534752E+00 0.708459496498E+00 0.855493187904E+00 0.708447277546E+00 0.793945312500E+00
0.000000000000E+00 0.164996340871E+00 0.218450933695E+00 0.234497070312E+00 0.000000000000E+00 0.242498785257E+00 0.000000000000E+00 0.000000000000E+00 0.000000000000E+00 0.227453619242E+00 0.000000000000E+00 0.157446295023E+00 0.000000000000E+00 0.980999767780E+00 0.494506843388E-01 0.392047107220E+00 0.000000000000E+00 0.759545922279E+00 0.000000000000E+00 0.282000720501E+00 0.226049810648E+00 0.000000000000E+00 0.381048589945E+00 0.000000000000E+00 0.555548071861E+00 0.445452868938E+00 0.000000000000E+00 0.000000000000E+00 0.000000000000E+00 0.000000000000E+00 0.000000000000E+00 0.000000000000E+00 0.000000000000E+00 0.000000000000E+00 0.000000000000E+00 0.000000000000E+00 0.597546398640E+00 0.465502917767E+00 0.000000000000E+00 0.000000000000E+00 0.381005853415E+00 0.000000000000E+00 0.000000000000E+00
0.341448962688E+00 0.266955554485E+00 0.361499011517E+00 0.421453863382E+00 0.000000000000E+00 0.000000000000E+00 0.000000000000E+00 0.483001708984E+00 0.272949218750E+00 0.261999517679E+00 0.000000000000E+00 0.161999508739E+00 0.000000000000E+00 0.848449707031E+00 0.261499017477E+00 0.278497308493E+00 0.000000000000E+00 0.549505591393E+00 0.000000000000E+00 0.312048345804E+00 0.000000000000E+00 0.548004150391E+00 0.000000000000E+00 0.603002905846E+00 0.693450927734E+00 0.000000000000E+00 0.000000000000E+00 0.000000000000E+00 0.000000000000E+00 0.000000000000E+00 0.000000000000E+00 0.680004894733E+00 0.692956566811E+00 0.656506359577E+00 0.862939476967E+00 0.000000000000E+00 0.000000000000E+00 0.777941882610E+00 0.657495141029E+00 0.677954077721E+00 0.712451159954E+00 0.675451636314E+00 0.720446765423E+00
0.300952136517E+00 0.331445306540E+00 0.000000000000E+00 0.431451410055E+00 0.000000000000E+00 0.000000000000E+00 0.000000000000E+00 0.345452874899E+00 0.000000000000E+00 0.208453372121E+00 0.000000000000E+00 0.000000000000E+00 0.000000000000E+00 0.742999255657E+00 0.199951171875E+00 0.000000000000E+00 0.348999023438E+00 0.547552466393E+00 0.385046392679E+00 0.266003429890E+00 0.000000000000E+00 0.572448730469E+00 0.567950427532E+00 0.000000000000E+00 0.590448021889E+00 0.000000000000E+00 0.690948486328E+00 0.636999487877E+00 0.000000000000E+00 0.784442126751E+00 0.665490746498E+00 0.000000000000E+00 0.651000976562E+00 0.000000000000E+00 0.599951148033E+00 0.691992163658E+00 0.754455566406E+00 0.618005394936E+00 0.000000000000E+00 0.000000000000E+00 0.000000000000E+00 0.000000000000E+00 0.000000000000E+00
0.000000000000E+00 0.149499505758E+00 0.000000000000E+00 0.200494378805E+00 0.000000000000E+00 0.000000000000E+00 0.450952142477E+00 0.000000000000E+00 0.000000000000E+00 0.130499273539E+00 0.000000000000E+00 0.000000000000E+00 0.000000000000E+00 0.000000000000E+00 0.122348733246E+00 0.547052025795E+00 0.347998052835E+00 0.726049780846E+00 0.000000000000E+00 0.234051510692E+00 0.351446539164E+00 0.186450198293E+00 0.000000000000E+00 0.000000000000E+00 0.000000000000E+00 0.000000000000E+00 0.448547363281E+00 0.000000000000E+00 0.751049816608E+00 0.000000000000E+00 0.000000000000E+00 0.000000000000E+00 0.000000000000E+00 0.000000000000E+00 0.283508300781E+00 0.000000000000E+00 0.000000000000E+00 0.000000000000E+00 0.000000000000E+00 0.295996099710E+00 0.346447765827E+00 0.000000000000E+00 0.000000000000E+00
0.000000000000E+00 0.000000000000E+00 0.000000000000E+00 0.337951660156E+00 0.525946021080E+00 0.000000000000E+00 0.534448266029E+00 0.231451421976E+00 0.211450189352E+00 0.000000000000E+00 0.336950689554E+00 0.000000000000E+00 0.352948009968E+00 0.347849220037E+00 0.999999974738E-04 0.721897065639E+00 0.396051019430E+00 0.617999255657E+00 0.306500256062E+00 0.000000000000E+00 0.577453613281E+00 0.391998291016E+00 0.392449945211E+00 0.404998779297E+00 0.000000000000E+00 0.000000000000E+00 0.000000000000E+00 0.311053454876E+00 0.646551489830E+00 0.000000000000E+00 0.000000000000E+00 0.584948718548E+00 0.000000000000E+00 0.000000000000E+00 0.673950195312E+00 0.000000000000E+00 0.496948242188E+00 0.515942394733E+00 0.000000000000E+00 0.000000000000E+00 0.577954113483E+00 0.586450219154E+00 0.000000000000E+00
0.000000000000E+00 0.000000000000E+00 0.000000000000E+00 0.000000000000E+00 0.217004388571E+00 0.000000000000E+00 0.000000000000E+00 0.000000000000E+00 0.000000000000E+00 0.000000000000E+00 0.174499511719E+00 0.000000000000E+00 0.000000000000E+00 0.282452404499E+00 0.000000000000E+00 0.801550269127E+00 0.430499255657E+00 0.000000000000E+00 0.000000000000E+00 0.000000000000E+00 0.250000000000E+00 0.000000000000E+00 0.000000000000E+00 0.000000000000E+00 0.380548089743E+00 0.250500500202E+00 0.632049560547E+00 0.000000000000E+00 0.431500256062E+00 0.454052746296E+00 0.000000000000E+00 0.000000000000E+00 0.000000000000E+00 0.000000000000E+00 0.000000000000E+00 0.000000000000E+00 0.369055181742E+00 0.266503900290E+00 0.000000000000E+00 0.000000000000E+00 0.000000000000E+00 0.244506835938E+00 0.000000000000E+00
0.409948736429E+00 0.257952868938E+00 0.000000000000E+00 0.000000000000E+00 0.000000000000E+00 0.595446765423E+00 0.451995849609E+00 0.000000000000E+00 0.338446050882E+00 0.000000000000E+00 0.000000000000E+00 0.000000000000E+00 0.000000000000E+00 0.164495855570E+00 0.388000488281E+00 0.815551757812E+00 0.000000000000E+00 0.392449945211E+00 0.000000000000E+00 0.590454101562E+00 0.274450689554E+00 0.000000000000E+00 0.000000000000E+00 0.000000000000E+00 0.543499767780E+00 0.000000000000E+00 0.000000000000E+00 0.000000000000E+00 0.000000000000E+00 0.000000000000E+00 0.000000000000E+00 0.000000000000E+00 0.000000000000E+00 0.000000000000E+00 0.000000000000E+00 0.000000000000E+00 0.000000000000E+00 0.427954107523E+00 0.448950201273E+00 0.000000000000E+00 0.000000000000E+00 0.000000000000E+00 0.470947265625E+00
