sim0/prepro/dtm_kSs1_sf_1
north:     0
south:           0.00000000
east:      0
west:            0.00000000
rows:    246
cols:    130
[rows 95 to 113 of 246, columns 43 to 85 of 130]
0.000000000000E+00 0.809450745583E-01 0.000000000000E+00 0.613448917866E-01 0.000000000000E+00 0.991777852178E-01 0.613448917866E-01 0.657478272915E-01 0.000000000000E+00 0.704184591770E+00 0.657478272915E-01 0.613448917866E-01 0.000000000000E+00 0.613448917866E-01 0.814372897148E-01 0.000000000000E+00 0.649370074272E+00 0.720568746328E-01 0.657478272915E-01 0.613448917866E-01 0.613448917866E-01 0.000000000000E+00 0.859049558640E-01 0.613448917866E-01 0.657478272915E-01 0.720568746328E-01 0.000000000000E+00 0.000000000000E+00 0.000000000000E+00 0.823481380939E-01 0.819041058421E-01 0.814372897148E-01 0.809450745583E-01 0.786496028304E-01 0.779682323337E-01 0.764192342758E-01 0.684684589505E-01 0.755244195461E-01 0.745226368308E-01 0.000000000000E+00 0.000000000000E+00 0.000000000000E+00 0.000000000000E+00
0.613448917866E-01 0.823481380939E-01 0.613448917866E-01 0.000000000000E+00 0.613448917866E-01 0.000000000000E+00 0.657478272915E-01 0.613448917866E-01 0.657478272915E-01 0.000000000000E+00 0.613448917866E-01 0.000000000000E+00 0.613448917866E-01 0.000000000000E+00 0.650509715080E+00 0.000000000000E+00 0.613448917866E-01 0.000000000000E+00 0.000000000000E+00 0.613448917866E-01 0.000000000000E+00 0.000000000000E+00 0.000000000000E+00 0.000000000000E+00 0.000000000000E+00 0.000000000000E+00 0.945931747556E-01 0.875357016921E-01 0.798713862896E-01 0.792816653848E-01 0.786496028304E-01 0.779682323337E-01 0.772286430001E-01 0.000000000000E+00 0.657478272915E-01 0.613448917866E-01 0.000000000000E+00 0.000000000000E+00 0.704667791724E-01 0.000000000000E+00 0.684684589505E-01 0.000000000000E+00 0.684684589505E-01
0.613448917866E-01 0.827716141939E-01 0.613448917866E-01 0.613448917866E-01 0.720568746328E-01 0.000000000000E+00 0.000000000000E+00 0.613448917866E-01 0.657478272915E-01 0.000000000000E+00 0.704357504845E+00 0.613448917866E-01 0.000000000000E+00 0.613448917866E-01 0.000000000000E+00 0.657478272915E-01 0.613448917866E-01 0.000000000000E+00 0.613448917866E-01 0.704667791724E-01 0.657478272915E-01 0.864797830582E-01 0.000000000000E+00 0.704667791724E-01 0.000000000000E+00 0.000000000000E+00 0.613448917866E-01 0.000000000000E+00 0.779682323337E-01 0.745226368308E-01 0.733826756477E-01 0.720568746328E-01 0.613448917866E-01 0.000000000000E+00 0.755244195461E-01 0.684684589505E-01 0.613448917866E-01 0.000000000000E+00 0.000000000000E+00 0.000000000000E+00 0.000000000000E+00 0.000000000000E+00 0.000000000000E+00
0.000000000000E+00 0.831764414907E-01 0.657478272915E-01 0.657478272915E-01 0.000000000000E+00 0.000000000000E+00 0.000000000000E+00 0.000000000000E+00 0.000000000000E+00 0.613448917866E-01 0.000000000000E+00 0.704667791724E-01 0.000000000000E+00 0.650932490826E+00 0.000000000000E+00 0.613448917866E-01 0.657478272915E-01 0.000000000000E+00 0.000000000000E+00 0.000000000000E+00 0.684684589505E-01 0.875357016921E-01 0.000000000000E+00 0.968290194869E-01 0.704667791724E-01 0.613448917866E-01 0.000000000000E+00 0.657478272915E-01 0.613448917866E-01 0.000000000000E+00 0.657478272915E-01 0.613448917866E-01 0.000000000000E+00 0.657478272915E-01 0.684684589505E-01 0.000000000000E+00 0.000000000000E+00 0.613448917866E-01 0.000000000000E+00 0.613448917866E-01 0.000000000000E+00 0.613448917866E-01 0.613448917866E-01
0.613448917866E-01 0.842945575714E-01 0.684684589505E-01 0.684684589505E-01 0.613448917866E-01 0.657478272915E-01 0.000000000000E+00 0.000000000000E+00 0.998097062111E-01 0.613448917866E-01 0.000000000000E+00 0.704564511776E+00 0.000000000000E+00 0.651037812233E+00 0.000000000000E+00 0.000000000000E+00 0.704667791724E-01 0.000000000000E+00 0.733826756477E-01 0.613448917866E-01 0.000000000000E+00 0.880234912038E-01 0.000000000000E+00 0.000000000000E+00 0.613448917866E-01 0.000000000000E+00 0.000000000000E+00 0.000000000000E+00 0.755244195461E-01 0.745226368308E-01 0.733826756477E-01 0.720568746328E-01 0.657478272915E-01 0.613448917866E-01 0.000000000000E+00 0.000000000000E+00 0.613448917866E-01 0.613448917866E-01 0.000000000000E+00 0.613448917866E-01 0.000000000000E+00 0.613448917866E-01 0.613448917866E-01
0.657478272915E-01 0.846393704414E-01 0.704667791724E-01 0.000000000000E+00 0.000000000000E+00 0.684684589505E-01 0.000000000000E+00 0.684684589505E-01 0.100480064750E+00 0.000000000000E+00 0.613448917866E-01 0.704650580883E+00 0.000000000000E+00 0.651107907295E+00 0.657478272915E-01 0.000000000000E+00 0.755244195461E-01 0.000000000000E+00 0.745226368308E-01 0.733826756477E-01 0.613448917866E-01 0.000000000000E+00 0.000000000000E+00 0.000000000000E+00 0.000000000000E+00 0.798713862896E-01 0.786496028304E-01 0.657478272915E-01 0.613448917866E-01 0.000000000000E+00 0.657478272915E-01 0.613448917866E-01 0.000000000000E+00 0.613448917866E-01 0.613448917866E-01 0.613448917866E-01 0.613448917866E-01 0.684684589505E-01 0.613448917866E-01 0.684684589505E-01 0.000000000000E+00 0.000000000000E+00 0.000000000000E+00
0.745226368308E-01 0.849719867110E-01 0.720568746328E-01 0.613448917866E-01 0.000000000000E+00 0.000000000000E+00 0.000000000000E+00 0.720568746328E-01 0.000000000000E+00 0.613448917866E-01 0.684684589505E-01 0.000000000000E+00 0.613448917866E-01 0.651178002357E+00 0.000000000000E+00 0.000000000000E+00 0.772286430001E-01 0.000000000000E+00 0.000000000000E+00 0.745226368308E-01 0.000000000000E+00 0.998097062111E-01 0.861966833472E-01 0.856040343642E-01 0.755244195461E-01 0.745226368308E-01 0.733826756477E-01 0.720568746328E-01 0.704667791724E-01 0.000000000000E+00 0.657478272915E-01 0.613448917866E-01 0.000000000000E+00 0.613448917866E-01 0.000000000000E+00 0.000000000000E+00 0.657478272915E-01 0.733826756477E-01 0.657478272915E-01 0.000000000000E+00 0.000000000000E+00 0.000000000000E+00 0.000000000000E+00
0.764192342758E-01 0.000000000000E+00 0.733826756477E-01 0.657478272915E-01 0.613448917866E-01 0.733826756477E-01 0.745226368308E-01 0.000000000000E+00 0.613448917866E-01 0.000000000000E+00 0.000000000000E+00 0.000000000000E+00 0.704753756523E+00 0.000000000000E+00 0.000000000000E+00 0.613448917866E-01 0.000000000000E+00 0.613448917866E-01 0.613448917866E-01 0.000000000000E+00 0.684684589505E-01 0.657478272915E-01 0.613448917866E-01 0.000000000000E+00 0.000000000000E+00 0.000000000000E+00 0.000000000000E+00 0.000000000000E+00 0.755244195461E-01 0.704667791724E-01 0.684684589505E-01 0.657478272915E-01 0.613448917866E-01 0.704667791724E-01 0.684684589505E-01 0.613448917866E-01 0.684684589505E-01 0.000000000000E+00 0.000000000000E+00 0.000000000000E+00 0.657478272915E-01 0.613448917866E-01 0.613448917866E-01
0.882585495710E-01 0.613448917866E-01 0.000000000000E+00 0.000000000000E+00 0.657478272915E-01 0.000000000000E+00 0.000000000000E+00 0.000000000000E+00 0.704667791724E-01 0.000000000000E+00 0.101043917239E+00 0.000000000000E+00 0.731697022915E+00 0.000000000000E+00 0.613448917866E-01 0.000000000000E+00 0.613448917866E-01 0.657478272915E-01 0.103778779507E+00 0.000000000000E+00 0.000000000000E+00 0.000000000000E+00 0.000000000000E+00 0.000000000000E+00 0.000000000000E+00 0.000000000000E+00 0.772286430001E-01 0.000000000000E+00 0.613448917866E-01 0.000000000000E+00 0.613448917866E-01 0.000000000000E+00 0.000000000000E+00 0.720568746328E-01 0.704667791724E-01 0.657478272915E-01 0.779682323337E-01 0.000000000000E+00 0.000000000000E+00 0.613448917866E-01 0.000000000000E+00 0.000000000000E+00 0.657478272915E-01
0.887124165893E-01 0.657478272915E-01 0.613448917866E-01 0.755244195461E-01 0.704667791724E-01 0.613448917866E-01 0.000000000000E+00 0.000000000000E+00 0.000000000000E+00 0.000000000000E+00 0.000000000000E+00 0.613448917866E-01 0.000000000000E+00 0.613448917866E-01 0.804243460298E-01 0.613448917866E-01 0.000000000000E+00 0.684684589505E-01 0.000000000000E+00 0.000000000000E+00 0.000000000000E+00 0.000000000000E+00 0.000000000000E+00 0.684684589505E-01 0.000000000000E+00 0.000000000000E+00 0.000000000000E+00 0.613448917866E-01 0.000000000000E+00 0.613448917866E-01 0.684684589505E-01 0.000000000000E+00 0.613448917866E-01 0.733826756477E-01 0.720568746328E-01 0.000000000000E+00 0.823481380939E-01 0.733826756477E-01 0.613448917866E-01 0.720568746328E-01 0.684684589505E-01 0.613448917866E-01 0.804243460298E-01
0.989311635494E-01 0.684684589505E-01 0.657478272915E-01 0.000000000000E+00 0.000000000000E+00 0.000000000000E+00 0.000000000000E+00 0.000000000000E+00 0.000000000000E+00 0.000000000000E+00 0.657478272915E-01 0.684684589505E-01 0.704667791724E-01 0.000000000000E+00 0.809450745583E-01 0.000000000000E+00 0.000000000000E+00 0.000000000000E+00 0.733826756477E-01 0.684684589505E-01 0.000000000000E+00 0.704667791724E-01 0.000000000000E+00 0.814372897148E-01 0.000000000000E+00 0.720568746328E-01 0.613448917866E-01 0.000000000000E+00 0.000000000000E+00 0.000000000000E+00 0.745226368308E-01 0.000000000000E+00 0.000000000000E+00 0.000000000000E+00 0.764192342758E-01 0.613448917866E-01 0.000000000000E+00 0.745226368308E-01 0.657478272915E-01 0.733826756477E-01 0.000000000000E+00 0.657478272915E-01 0.000000000000E+00
0.990139842033E-01 0.704667791724E-01 0.684684589505E-01 0.000000000000E+00 0.000000000000E+00 0.733826756477E-01 0.000000000000E+00 0.000000000000E+00 0.786496028304E-01 0.779682323337E-01 0.772286430001E-01 0.613448917866E-01 0.657478272915E-01 0.000000000000E+00 0.733898401260E+00 0.000000000000E+00 0.000000000000E+00 0.814372897148E-01 0.772286430001E-01 0.764192342758E-01 0.684684589505E-01 0.657478272915E-01 0.000000000000E+00 0.000000000000E+00 0.000000000000E+00 0.613448917866E-01 0.720568746328E-01 0.000000000000E+00 0.000000000000E+00 0.000000000000E+00 0.000000000000E+00 0.684684589505E-01 0.755244195461E-01 0.000000000000E+00 0.000000000000E+00 0.859049558640E-01 0.000000000000E+00 0.613448917866E-01 0.684684589505E-01 0.779682323337E-01 0.613448917866E-01 0.823481380939E-01 0.720568746328E-01
0.000000000000E+00 0.720568746328E-01 0.704667791724E-01 0.613448917866E-01 0.000000000000E+00 0.814372897148E-01 0.000000000000E+00 0.000000000000E+00 0.000000000000E+00 0.786496028304E-01 0.000000000000E+00 0.613448917866E-01 0.000000000000E+00 0.613448917866E-01 0.736609458923E+00 0.105343781412E+00 0.000000000000E+00 0.613448917866E-01 0.000000000000E+00 0.720568746328E-01 0.704667791724E-01 0.000000000000E+00 0.849719867110E-01 0.000000000000E+00 0.613448917866E-01 0.657478272915E-01 0.000000000000E+00 0.000000000000E+00 0.000000000000E+00 0.000000000000E+00 0.000000000000E+00 0.000000000000E+00 0.000000000000E+00 0.000000000000E+00 0.000000000000E+00 0.000000000000E+00 0.613448917866E-01 0.657478272915E-01 0.000000000000E+00 0.000000000000E+00 0.657478272915E-01 0.000000000000E+00 0.000000000000E+00
0.613448917866E-01 0.998097062111E-01 0.720568746328E-01 0.613448917866E-01 0.000000000000E+00 0.000000000000E+00 0.000000000000E+00 0.657478272915E-01 0.745226368308E-01 0.809450745583E-01 0.000000000000E+00 0.846393704414E-01 0.000000000000E+00 0.613448917866E-01 0.736667156219E+00 0.684684589505E-01 0.000000000000E+00 0.613448917866E-01 0.000000000000E+00 0.613448917866E-01 0.000000000000E+00 0.613448917866E-01 0.000000000000E+00 0.613448917866E-01 0.613448917866E-01 0.000000000000E+00 0.000000000000E+00 0.000000000000E+00 0.000000000000E+00 0.000000000000E+00 0.000000000000E+00 0.779682323337E-01 0.786496028304E-01 0.657478272915E-01 0.870221480727E-01 0.000000000000E+00 0.000000000000E+00 0.745226368308E-01 0.804243460298E-01 0.613448917866E-01 0.831764414907E-01 0.745226368308E-01 0.704667791724E-01
0.899609848857E-01 0.998862162232E-01 0.000000000000E+00 0.657478272915E-01 0.000000000000E+00 0.000000000000E+00 0.000000000000E+00 0.657478272915E-01 0.000000000000E+00 0.814372897148E-01 0.000000000000E+00 0.000000000000E+00 0.000000000000E+00 0.657478272915E-01 0.736701786518E+00 0.000000000000E+00 0.880234912038E-01 0.877826437354E-01 0.864797830582E-01 0.861966833472E-01 0.000000000000E+00 0.733826756477E-01 0.613448917866E-01 0.000000000000E+00 0.792816653848E-01 0.000000000000E+00 0.704667791724E-01 0.720568746328E-01 0.000000000000E+00 0.733826756477E-01 0.613448917866E-01 0.000000000000E+00 0.792816653848E-01 0.000000000000E+00 0.875357016921E-01 0.657478272915E-01 0.613448917866E-01 0.755244195461E-01 0.000000000000E+00 0.000000000000E+00 0.000000000000E+00 0.000000000000E+00 0.000000000000E+00
0.000000000000E+00 0.999622046947E-01 0.000000000000E+00 0.764192342758E-01 0.000000000000E+00 0.000000000000E+00 0.684684589505E-01 0.000000000000E+00 0.000000000000E+00 0.849719867110E-01 0.000000000000E+00 0.000000000000E+00 0.000000000000E+00 0.000000000000E+00 0.737207531929E+00 0.684684589505E-01 0.657478272915E-01 0.613448917866E-01 0.000000000000E+00 0.613448917866E-01 0.613448917866E-01 0.755244195461E-01 0.000000000000E+00 0.000000000000E+00 0.000000000000E+00 0.000000000000E+00 0.720568746328E-01 0.000000000000E+00 0.613448917866E-01 0.000000000000E+00 0.000000000000E+00 0.000000000000E+00 0.000000000000E+00 0.000000000000E+00 0.877826437354E-01 0.000000000000E+00 0.000000000000E+00 0.000000000000E+00 0.000000000000E+00 0.839365646243E-01 0.764192342758E-01 0.000000000000E+00 0.000000000000E+00
0.000000000000E+00 0.000000000000E+00 0.000000000000E+00 0.779682323337E-01 0.613448917866E-01 0.000000000000E+00 0.684684589505E-01 0.704667791724E-01 0.859049558640E-01 0.000000000000E+00 0.613448917866E-01 0.000000000000E+00 0.684684589505E-01 0.867547839880E-01 0.737641870975E+00 0.684684589505E-01 0.657478272915E-01 0.613448917866E-01 0.613448917866E-01 0.000000000000E+00 0.657478272915E-01 0.792816653848E-01 0.657478272915E-01 0.856040343642E-01 0.000000000000E+00 0.000000000000E+00 0.000000000000E+00 0.764192342758E-01 0.755244195461E-01 0.000000000000E+00 0.000000000000E+00 0.819041058421E-01 0.000000000000E+00 0.000000000000E+00 0.887124165893E-01 0.000000000000E+00 0.849719867110E-01 0.704667791724E-01 0.000000000000E+00 0.000000000000E+00 0.809450745583E-01 0.733826756477E-01 0.000000000000E+00
0.000000000000E+00 0.000000000000E+00 0.000000000000E+00 0.000000000000E+00 0.657478272915E-01 0.000000000000E+00 0.000000000000E+00 0.000000000000E+00 0.000000000000E+00 0.000000000000E+00 0.861966833472E-01 0.000000000000E+00 0.000000000000E+00 0.613448917866E-01 0.000000000000E+00 0.657478272915E-01 0.613448917866E-01 0.000000000000E+00 0.000000000000E+00 0.000000000000E+00 0.704667791724E-01 0.000000000000E+00 0.000000000000E+00 0.000000000000E+00 0.842945575714E-01 0.835642814636E-01 0.613448917866E-01 0.000000000000E+00 0.823481380939E-01 0.684684589505E-01 0.000000000000E+00 0.000000000000E+00 0.000000000000E+00 0.000000000000E+00 0.000000000000E+00 0.000000000000E+00 0.852932780981E-01 0.733826756477E-01 0.000000000000E+00 0.000000000000E+00 0.000000000000E+00 0.755244195461E-01 0.000000000000E+00
0.613448917866E-01 0.792816653848E-01 0.000000000000E+00 0.000000000000E+00 0.000000000000E+00 0.613448917866E-01 0.657478272915E-01 0.000000000000E+00 0.733826756477E-01 0.000000000000E+00 0.000000000000E+00 0.000000000000E+00 0.000000000000E+00 0.737755775452E+00 0.657478272915E-01 0.613448917866E-01 0.000000000000E+00 0.684684589505E-01 0.000000000000E+00 0.613448917866E-01 0.827716141939E-01 0.000000000000E+00 0.000000000000E+00 0.000000000000E+00 0.613448917866E-01 0.000000000000E+00 0.000000000000E+00 0.000000000000E+00 0.000000000000E+00 0.000000000000E+00 0.000000000000E+00 0.000000000000E+00 0.000000000000E+00 0.000000000000E+00 0.000000000000E+00 0.000000000000E+00 0.000000000000E+00 0.867547839880E-01 0.657478272915E-01 0.000000000000E+00 0.000000000000E+00 0.000000000000E+00 0.657478272915E-01
