sim0/prepro/dtm_kSs1_sf_1
north:     0
south:           0.00000000
east:      0
west:            0.00000000
rows:    246
cols:    130
[rows 171 to 189 of 246, columns 0 to 42 of 130]
0.000000000000E+00 0.000000000000E+00 0.000000000000E+00 0.000000000000E+00 0.000000000000E+00 0.000000000000E+00 0.000000000000E+00 0.772286430001E-01 0.798713862896E-01 0.809450745583E-01 0.000000000000E+00 0.000000000000E+00 0.720568746328E-01 0.559105694294E+00 0.000000000000E+00 0.613448917866E-01 0.798713862896E-01 0.733826756477E-01 0.657478272915E-01 0.755244195461E-01 0.000000000000E+00 0.613448917866E-01 0.000000000000E+00 0.000000000000E+00 0.000000000000E+00 0.613448917866E-01 0.000000000000E+00 0.000000000000E+00 0.613448917866E-01 0.000000000000E+00 0.989311635494E-01 0.657478272915E-01 0.943412408233E-01 0.798713862896E-01 0.657478272915E-01 0.000000000000E+00 0.613448917866E-01 0.613448917866E-01 0.000000000000E+00 0.613448917866E-01 0.769597530365E+00 0.684684589505E-01 0.657478272915E-01
0.000000000000E+00 0.000000000000E+00 0.000000000000E+00 0.000000000000E+00 0.000000000000E+00 0.657478272915E-01 0.000000000000E+00 0.000000000000E+00 0.000000000000E+00 0.000000000000E+00 0.613448917866E-01 0.000000000000E+00 0.657478272915E-01 0.684684589505E-01 0.613448917866E-01 0.000000000000E+00 0.804243460298E-01 0.745226368308E-01 0.684684589505E-01 0.000000000000E+00 0.000000000000E+00 0.000000000000E+00 0.000000000000E+00 0.684684589505E-01 0.000000000000E+00 0.613448917866E-01 0.613448917866E-01 0.964177995920E-01 0.000000000000E+00 0.613448917866E-01 0.992587804794E-01 0.684684589505E-01 0.944679602981E-01 0.804243460298E-01 0.684684589505E-01 0.000000000000E+00 0.684684589505E-01 0.000000000000E+00 0.000000000000E+00 0.779682323337E-01 0.000000000000E+00 0.684684589505E-01 0.657478272915E-01
0.000000000000E+00 0.000000000000E+00 0.000000000000E+00 0.000000000000E+00 0.000000000000E+00 0.000000000000E+00 0.000000000000E+00 0.720568746328E-01 0.000000000000E+00 0.613448917866E-01 0.000000000000E+00 0.000000000000E+00 0.613448917866E-01 0.657478272915E-01 0.839365646243E-01 0.842945575714E-01 0.567005157471E+00 0.000000000000E+00 0.000000000000E+00 0.657478272915E-01 0.000000000000E+00 0.613448917866E-01 0.704667791724E-01 0.733826756477E-01 0.745226368308E-01 0.798713862896E-01 0.613448917866E-01 0.657478272915E-01 0.000000000000E+00 0.969294160604E-01 0.000000000000E+00 0.704667791724E-01 0.945931747556E-01 0.809450745583E-01 0.704667791724E-01 0.613448917866E-01 0.000000000000E+00 0.613448917866E-01 0.733826756477E-01 0.000000000000E+00 0.792816653848E-01 0.772286430001E-01 0.745226368308E-01
0.000000000000E+00 0.000000000000E+00 0.000000000000E+00 0.613448917866E-01 0.000000000000E+00 0.000000000000E+00 0.000000000000E+00 0.000000000000E+00 0.684684589505E-01 0.720568746328E-01 0.772286430001E-01 0.809450745583E-01 0.823481380939E-01 0.000000000000E+00 0.613448917866E-01 0.657478272915E-01 0.000000000000E+00 0.613448917866E-01 0.000000000000E+00 0.831764414907E-01 0.613448917866E-01 0.613448917866E-01 0.000000000000E+00 0.000000000000E+00 0.000000000000E+00 0.804243460298E-01 0.613448917866E-01 0.000000000000E+00 0.613448917866E-01 0.720568746328E-01 0.733826756477E-01 0.000000000000E+00 0.947169065475E-01 0.814372897148E-01 0.720568746328E-01 0.000000000000E+00 0.613448917866E-01 0.000000000000E+00 0.769892752171E+00 0.613448917866E-01 0.613448917866E-01 0.000000000000E+00 0.000000000000E+00
0.000000000000E+00 0.000000000000E+00 0.000000000000E+00 0.000000000000E+00 0.657478272915E-01 0.000000000000E+00 0.000000000000E+00 0.000000000000E+00 0.000000000000E+00 0.000000000000E+00 0.000000000000E+00 0.000000000000E+00 0.704667791724E-01 0.720568746328E-01 0.733826756477E-01 0.000000000000E+00 0.000000000000E+00 0.000000000000E+00 0.000000000000E+00 0.571919322014E+00 0.000000000000E+00 0.000000000000E+00 0.000000000000E+00 0.000000000000E+00 0.000000000000E+00 0.000000000000E+00 0.657478272915E-01 0.613448917866E-01 0.657478272915E-01 0.000000000000E+00 0.613448917866E-01 0.613448917866E-01 0.108871601522E+00 0.000000000000E+00 0.000000000000E+00 0.000000000000E+00 0.000000000000E+00 0.613448917866E-01 0.000000000000E+00 0.613448917866E-01 0.613448917866E-01 0.613448917866E-01 0.613448917866E-01
0.000000000000E+00 0.000000000000E+00 0.000000000000E+00 0.000000000000E+00 0.613448917866E-01 0.657478272915E-01 0.684684589505E-01 0.613448917866E-01 0.000000000000E+00 0.000000000000E+00 0.000000000000E+00 0.000000000000E+00 0.613448917866E-01 0.755244195461E-01 0.764192342758E-01 0.772286430001E-01 0.779682323337E-01 0.000000000000E+00 0.657478272915E-01 0.572591245174E+00 0.613448917866E-01 0.613448917866E-01 0.684684589505E-01 0.000000000000E+00 0.000000000000E+00 0.684684589505E-01 0.000000000000E+00 0.000000000000E+00 0.684684589505E-01 0.613448917866E-01 0.684684589505E-01 0.657478272915E-01 0.108906671405E+00 0.000000000000E+00 0.000000000000E+00 0.000000000000E+00 0.657478272915E-01 0.000000000000E+00 0.101315550506E+00 0.101248256862E+00 0.101043917239E+00 0.100694850087E+00 0.100552119315E+00
0.000000000000E+00 0.000000000000E+00 0.000000000000E+00 0.000000000000E+00 0.000000000000E+00 0.613448917866E-01 0.657478272915E-01 0.000000000000E+00 0.000000000000E+00 0.657478272915E-01 0.000000000000E+00 0.684684589505E-01 0.000000000000E+00 0.684684589505E-01 0.772286430001E-01 0.786496028304E-01 0.792816653848E-01 0.798713862896E-01 0.856040343642E-01 0.000000000000E+00 0.613448917866E-01 0.000000000000E+00 0.613448917866E-01 0.657478272915E-01 0.755244195461E-01 0.000000000000E+00 0.000000000000E+00 0.000000000000E+00 0.000000000000E+00 0.657478272915E-01 0.000000000000E+00 0.684684589505E-01 0.108941636980E+00 0.000000000000E+00 0.657478272915E-01 0.827716141939E-01 0.771254599094E+00 0.684684589505E-01 0.000000000000E+00 0.657478272915E-01 0.657478272915E-01 0.000000000000E+00 0.704667791724E-01
0.000000000000E+00 0.000000000000E+00 0.000000000000E+00 0.000000000000E+00 0.000000000000E+00 0.000000000000E+00 0.613448917866E-01 0.613448917866E-01 0.000000000000E+00 0.000000000000E+00 0.000000000000E+00 0.000000000000E+00 0.000000000000E+00 0.000000000000E+00 0.000000000000E+00 0.613448917866E-01 0.657478272915E-01 0.684684589505E-01 0.704667791724E-01 0.000000000000E+00 0.576059937477E+00 0.613448917866E-01 0.613448917866E-01 0.657478272915E-01 0.684684589505E-01 0.000000000000E+00 0.000000000000E+00 0.657478272915E-01 0.846393704414E-01 0.000000000000E+00 0.613448917866E-01 0.000000000000E+00 0.108976505697E+00 0.000000000000E+00 0.704667791724E-01 0.831764414907E-01 0.000000000000E+00 0.613448917866E-01 0.000000000000E+00 0.613448917866E-01 0.000000000000E+00 0.000000000000E+00 0.613448917866E-01
0.000000000000E+00 0.000000000000E+00 0.000000000000E+00 0.000000000000E+00 0.000000000000E+00 0.000000000000E+00 0.000000000000E+00 0.000000000000E+00 0.000000000000E+00 0.000000000000E+00 0.000000000000E+00 0.000000000000E+00 0.000000000000E+00 0.704667791724E-01 0.657478272915E-01 0.684684589505E-01 0.704667791724E-01 0.720568746328E-01 0.733826756477E-01 0.745226368308E-01 0.577417016029E+00 0.000000000000E+00 0.000000000000E+00 0.613448917866E-01 0.657478272915E-01 0.684684589505E-01 0.755244195461E-01 0.846393704414E-01 0.000000000000E+00 0.613448917866E-01 0.786496028304E-01 0.000000000000E+00 0.109285868704E+00 0.000000000000E+00 0.733826756477E-01 0.000000000000E+00 0.657478272915E-01 0.613448917866E-01 0.000000000000E+00 0.613448917866E-01 0.000000000000E+00 0.000000000000E+00 0.613448917866E-01
0.000000000000E+00 0.000000000000E+00 0.000000000000E+00 0.000000000000E+00 0.000000000000E+00 0.000000000000E+00 0.000000000000E+00 0.000000000000E+00 0.613448917866E-01 0.657478272915E-01 0.613448917866E-01 0.657478272915E-01 0.000000000000E+00 0.000000000000E+00 0.613448917866E-01 0.657478272915E-01 0.684684589505E-01 0.704667791724E-01 0.000000000000E+00 0.613448917866E-01 0.000000000000E+00 0.657478272915E-01 0.000000000000E+00 0.000000000000E+00 0.613448917866E-01 0.657478272915E-01 0.000000000000E+00 0.000000000000E+00 0.613448917866E-01 0.910707190633E-01 0.912443548441E-01 0.914150699973E-01 0.000000000000E+00 0.613448917866E-01 0.773937225342E+00 0.000000000000E+00 0.755244195461E-01 0.733826756477E-01 0.684684589505E-01 0.657478272915E-01 0.000000000000E+00 0.613448917866E-01 0.000000000000E+00
0.000000000000E+00 0.000000000000E+00 0.000000000000E+00 0.000000000000E+00 0.000000000000E+00 0.000000000000E+00 0.000000000000E+00 0.000000000000E+00 0.657478272915E-01 0.000000000000E+00 0.613448917866E-01 0.000000000000E+00 0.000000000000E+00 0.000000000000E+00 0.613448917866E-01 0.657478272915E-01 0.684684589505E-01 0.704667791724E-01 0.720568746328E-01 0.779682323337E-01 0.000000000000E+00 0.578339993954E+00 0.613448917866E-01 0.000000000000E+00 0.000000000000E+00 0.000000000000E+00 0.613448917866E-01 0.000000000000E+00 0.684684589505E-01 0.000000000000E+00 0.613448917866E-01 0.613448917866E-01 0.000000000000E+00 0.936835482717E-01 0.774519741535E+00 0.000000000000E+00 0.613448917866E-01 0.000000000000E+00 0.613448917866E-01 0.684684589505E-01 0.613448917866E-01 0.000000000000E+00 0.704667791724E-01
0.000000000000E+00 0.000000000000E+00 0.000000000000E+00 0.000000000000E+00 0.000000000000E+00 0.000000000000E+00 0.000000000000E+00 0.000000000000E+00 0.733826756477E-01 0.613448917866E-01 0.613448917866E-01 0.000000000000E+00 0.684684589505E-01 0.000000000000E+00 0.657478272915E-01 0.684684589505E-01 0.704667791724E-01 0.720568746328E-01 0.733826756477E-01 0.745226368308E-01 0.779682323337E-01 0.000000000000E+00 0.613448917866E-01 0.613448917866E-01 0.000000000000E+00 0.000000000000E+00 0.613448917866E-01 0.000000000000E+00 0.772286430001E-01 0.613448917866E-01 0.000000000000E+00 0.000000000000E+00 0.613448917866E-01 0.684684589505E-01 0.774571180344E+00 0.613448917866E-01 0.000000000000E+00 0.000000000000E+00 0.657478272915E-01 0.000000000000E+00 0.000000000000E+00 0.915829613805E-01 0.914150699973E-01
0.000000000000E+00 0.000000000000E+00 0.000000000000E+00 0.000000000000E+00 0.000000000000E+00 0.000000000000E+00 0.000000000000E+00 0.613448917866E-01 0.745226368308E-01 0.657478272915E-01 0.000000000000E+00 0.000000000000E+00 0.657478272915E-01 0.000000000000E+00 0.733826756477E-01 0.745226368308E-01 0.000000000000E+00 0.613448917866E-01 0.657478272915E-01 0.000000000000E+00 0.613448917866E-01 0.657478272915E-01 0.000000000000E+00 0.657478272915E-01 0.000000000000E+00 0.684684589505E-01 0.704667791724E-01 0.720568746328E-01 0.819041058421E-01 0.000000000000E+00 0.000000000000E+00 0.704667791724E-01 0.745226368308E-01 0.613448917866E-01 0.774585843086E+00 0.704667791724E-01 0.657478272915E-01 0.000000000000E+00 0.949600934982E-01 0.940831154585E-01 0.720568746328E-01 0.704667791724E-01 0.684684589505E-01
0.000000000000E+00 0.000000000000E+00 0.000000000000E+00 0.000000000000E+00 0.000000000000E+00 0.000000000000E+00 0.000000000000E+00 0.000000000000E+00 0.000000000000E+00 0.684684589505E-01 0.000000000000E+00 0.000000000000E+00 0.657478272915E-01 0.000000000000E+00 0.704667791724E-01 0.720568746328E-01 0.000000000000E+00 0.000000000000E+00 0.613448917866E-01 0.657478272915E-01 0.684684589505E-01 0.704667791724E-01 0.000000000000E+00 0.581421494484E+00 0.613448917866E-01 0.000000000000E+00 0.613448917866E-01 0.000000000000E+00 0.000000000000E+00 0.613448917866E-01 0.000000000000E+00 0.657478272915E-01 0.000000000000E+00 0.613448917866E-01 0.774600505829E+00 0.000000000000E+00 0.953146815300E-01 0.613448917866E-01 0.000000000000E+00 0.864797830582E-01 0.861966833472E-01 0.804243460298E-01 0.798713862896E-01
0.000000000000E+00 0.000000000000E+00 0.000000000000E+00 0.000000000000E+00 0.000000000000E+00 0.000000000000E+00 0.000000000000E+00 0.000000000000E+00 0.000000000000E+00 0.000000000000E+00 0.000000000000E+00 0.657478272915E-01 0.704667791724E-01 0.720568746328E-01 0.764192342758E-01 0.772286430001E-01 0.939516201615E-01 0.948392003775E-01 0.000000000000E+00 0.000000000000E+00 0.000000000000E+00 0.000000000000E+00 0.613448917866E-01 0.000000000000E+00 0.657478272915E-01 0.000000000000E+00 0.733826756477E-01 0.000000000000E+00 0.684684589505E-01 0.000000000000E+00 0.000000000000E+00 0.000000000000E+00 0.613448917866E-01 0.779682323337E-01 0.000000000000E+00 0.922281742096E-01 0.920706540346E-01 0.917481333017E-01 0.839365646243E-01 0.745226368308E-01 0.733826756477E-01 0.000000000000E+00 0.613448917866E-01
0.000000000000E+00 0.000000000000E+00 0.000000000000E+00 0.000000000000E+00 0.000000000000E+00 0.000000000000E+00 0.613448917866E-01 0.684684589505E-01 0.720568746328E-01 0.000000000000E+00 0.792816653848E-01 0.814372897148E-01 0.000000000000E+00 0.613448917866E-01 0.914150699973E-01 0.000000000000E+00 0.657478272915E-01 0.779682323337E-01 0.798713862896E-01 0.975129157305E-01 0.977006256580E-01 0.983332097530E-01 0.000000000000E+00 0.613448917866E-01 0.582480490208E+00 0.000000000000E+00 0.657478272915E-01 0.000000000000E+00 0.755244195461E-01 0.000000000000E+00 0.000000000000E+00 0.657478272915E-01 0.000000000000E+00 0.775759994984E+00 0.000000000000E+00 0.657478272915E-01 0.613448917866E-01 0.000000000000E+00 0.684684589505E-01 0.000000000000E+00 0.720568746328E-01 0.704667791724E-01 0.000000000000E+00
0.000000000000E+00 0.000000000000E+00 0.000000000000E+00 0.000000000000E+00 0.000000000000E+00 0.000000000000E+00 0.000000000000E+00 0.613448917866E-01 0.657478272915E-01 0.704667791724E-01 0.804243460298E-01 0.809450745583E-01 0.823481380939E-01 0.000000000000E+00 0.000000000000E+00 0.000000000000E+00 0.000000000000E+00 0.000000000000E+00 0.613448917866E-01 0.704667791724E-01 0.000000000000E+00 0.613448917866E-01 0.657478272915E-01 0.987636223435E-01 0.592872858047E+00 0.613448917866E-01 0.684684589505E-01 0.704667791724E-01 0.000000000000E+00 0.000000000000E+00 0.772286430001E-01 0.000000000000E+00 0.613448917866E-01 0.000000000000E+00 0.613448917866E-01 0.000000000000E+00 0.684684589505E-01 0.613448917866E-01 0.613448917866E-01 0.000000000000E+00 0.000000000000E+00 0.755244195461E-01 0.000000000000E+00
0.000000000000E+00 0.000000000000E+00 0.000000000000E+00 0.000000000000E+00 0.000000000000E+00 0.000000000000E+00 0.000000000000E+00 0.000000000000E+00 0.000000000000E+00 0.000000000000E+00 0.613448917866E-01 0.000000000000E+00 0.000000000000E+00 0.720568746328E-01 0.704667791724E-01 0.000000000000E+00 0.000000000000E+00 0.613448917866E-01 0.000000000000E+00 0.613448917866E-01 0.657478272915E-01 0.684684589505E-01 0.704667791724E-01 0.000000000000E+00 0.592954218388E+00 0.000000000000E+00 0.613448917866E-01 0.657478272915E-01 0.684684589505E-01 0.786496028304E-01 0.000000000000E+00 0.613448917866E-01 0.776121377945E+00 0.704667791724E-01 0.684684589505E-01 0.657478272915E-01 0.613448917866E-01 0.000000000000E+00 0.000000000000E+00 0.613448917866E-01 0.613448917866E-01 0.000000000000E+00 0.000000000000E+00
0.000000000000E+00 0.000000000000E+00 0.000000000000E+00 0.000000000000E+00 0.000000000000E+00 0.000000000000E+00 0.000000000000E+00 0.000000000000E+00 0.613448917866E-01 0.657478272915E-01 0.704667791724E-01 0.000000000000E+00 0.000000000000E+00 0.000000000000E+00 0.000000000000E+00 0.000000000000E+00 0.000000000000E+00 0.000000000000E+00 0.000000000000E+00 0.613448917866E-01 0.000000000000E+00 0.613448917866E-01 0.000000000000E+00 0.000000000000E+00 0.593521118164E+00 0.000000000000E+00 0.000000000000E+00 0.613448917866E-01 0.000000000000E+00 0.000000000000E+00 0.613448917866E-01 0.846393704414E-01 0.000000000000E+00 0.657478272915E-01 0.613448917866E-01 0.000000000000E+00 0.704667791724E-01 0.684684589505E-01 0.000000000000E+00 0.613448917866E-01 0.000000000000E+00 0.000000000000E+00 0.000000000000E+00
