sim0/prepro/dtm_local_slope_1
north:     0
south:           0.00000000
east:      0
west:            0.00000000
rows:    246
cols:    130
[rows 114 to 132 of 246, columns 43 to 85 of 130]
0.163952633739E+00 0.000000000000E+00 0.000000000000E+00 0.000000000000E+00 0.000000000000E+00 0.251000970602E+00 0.000000000000E+00 0.000000000000E+00 0.191503912210E+00 0.135449215770E+00 0.000000000000E+00 0.000000000000E+00 0.191998288035E+00 0.664489716291E-01 0.000000000000E+00 0.754553198814E+00 0.116448976099E+00 0.127001956105E+00 0.000000000000E+00 0.132946774364E+00 0.000000000000E+00 0.214001461864E+00 0.238549798727E+00 0.211499020457E+00 0.000000000000E+00 0.208502203226E+00 0.000000000000E+00 0.173046872020E+00 0.000000000000E+00 0.379046618938E+00 0.251049816608E+00 0.000000000000E+00 0.000000000000E+00 0.000000000000E+00 0.000000000000E+00 0.000000000000E+00 0.000000000000E+00 0.000000000000E+00 0.000000000000E+00 0.000000000000E+00 0.319042980671E+00 0.144006341696E+00 0.209545895457E+00
0.000000000000E+00 0.000000000000E+00 0.000000000000E+00 0.367950439453E+00 0.000000000000E+00 0.000000000000E+00 0.395495593548E+00 0.351947009563E+00 0.000000000000E+00 0.230950921774E+00 0.167449951172E+00 0.000000000000E+00 0.000000000000E+00 0.146002203226E+00 0.000000000000E+00 0.660998523235E+00 0.545501708984E+00 0.744451880455E+00 0.705950915813E+00 0.000000000000E+00 0.000000000000E+00 0.000000000000E+00 0.241503909230E+00 0.182049557567E+00 0.421002209187E+00 0.203546136618E+00 0.396551519632E+00 0.000000000000E+00 0.000000000000E+00 0.000000000000E+00 0.000000000000E+00 0.000000000000E+00 0.000000000000E+00 0.000000000000E+00 0.165496826172E+00 0.305548101664E+00 0.279052734375E+00 0.178503423929E+00 0.352551281452E+00 0.173498541117E+00 0.346545398235E+00 0.177502438426E+00 0.254052728415E+00
0.278002917767E+00 0.239495843649E+00 0.000000000000E+00 0.000000000000E+00 0.338452160358E+00 0.150451660156E+00 0.000000000000E+00 0.246447756886E+00 0.218499749899E+00 0.179449468851E+00 0.000000000000E+00 0.561450183392E+00 0.000000000000E+00 0.169952392578E+00 0.505548119545E+00 0.569451928139E+00 0.436950683594E+00 0.000000000000E+00 0.000000000000E+00 0.290997326374E+00 0.000000000000E+00 0.000000000000E+00 0.000000000000E+00 0.000000000000E+00 0.342053234577E+00 0.000000000000E+00 0.347998052835E+00 0.193048089743E+00 0.392999261618E+00 0.425054937601E+00 0.188549801707E+00 0.317498773336E+00 0.195050045848E+00 0.368548572063E+00 0.189001470804E+00 0.449053943157E+00 0.720043957233E+00 0.000000000000E+00 0.000000000000E+00 0.865051269531E+00 0.000000000000E+00 0.715051293373E+00 0.566540539265E+00
0.000000000000E+00 0.000000000000E+00 0.403002917767E+00 0.235449224710E+00 0.218951418996E+00 0.000000000000E+00 0.000000000000E+00 0.155499264598E+00 0.141448974609E+00 0.930053740740E-01 0.182995602489E+00 0.445452868938E+00 0.000000000000E+00 0.101446531713E+00 0.678051769733E+00 0.136499017477E+00 0.650024414062E-01 0.145050048828E+00 0.000000000000E+00 0.268548578024E+00 0.147503659129E+00 0.317547619343E+00 0.276049792767E+00 0.216998293996E+00 0.346551507711E+00 0.266503900290E+00 0.637548804283E+00 0.361499011517E+00 0.000000000000E+00 0.000000000000E+00 0.000000000000E+00 0.681549072266E+00 0.000000000000E+00 0.744000256062E+00 0.722552478313E+00 0.000000000000E+00 0.000000000000E+00 0.946057140827E+00 0.105749511719E+01 0.107604980469E+01 0.111104738712E+01 0.111804199219E+01 0.000000000000E+00
0.000000000000E+00 0.375500500202E+00 0.000000000000E+00 0.000000000000E+00 0.000000000000E+00 0.223449707031E+00 0.364947497845E+00 0.177954107523E+00 0.210449218750E+00 0.192944332957E+00 0.000000000000E+00 0.538452148438E+00 0.187451168895E+00 0.115002438426E+00 0.673999011517E+00 0.000000000000E+00 0.000000000000E+00 0.170550540090E+00 0.144500732422E+00 0.301995843649E+00 0.175549313426E+00 0.358050525188E+00 0.385504156351E+00 0.000000000000E+00 0.000000000000E+00 0.000000000000E+00 0.000000000000E+00 0.000000000000E+00 0.000000000000E+00 0.000000000000E+00 0.000000000000E+00 0.000000000000E+00 0.534997582436E+00 0.000000000000E+00 0.000000000000E+00 0.000000000000E+00 0.000000000000E+00 0.000000000000E+00 0.000000000000E+00 0.000000000000E+00 0.000000000000E+00 0.474011242390E+00 0.528503417969E+00
0.000000000000E+00 0.190954595804E+00 0.321502685547E+00 0.000000000000E+00 0.000000000000E+00 0.149499505758E+00 0.305950939655E+00 0.000000000000E+00 0.659973174334E-01 0.895019546151E-01 0.102001950145E+00 0.542449951172E+00 0.000000000000E+00 0.424499511719E-01 0.314550787210E+00 0.000000000000E+00 0.000000000000E+00 0.142553716898E+00 0.000000000000E+00 0.495050042868E+00 0.332995593548E+00 0.766052246094E+00 0.000000000000E+00 0.000000000000E+00 0.000000000000E+00 0.786499023438E+00 0.000000000000E+00 0.000000000000E+00 0.000000000000E+00 0.000000000000E+00 0.000000000000E+00 0.000000000000E+00 0.101054692268E+01 0.109350585938E+01 0.962548851967E+00 0.109655761719E+01 0.000000000000E+00 0.000000000000E+00 0.000000000000E+00 0.000000000000E+00 0.000000000000E+00 0.338549792767E+00 0.577551245689E+00
0.000000000000E+00 0.211999505758E+00 0.000000000000E+00 0.000000000000E+00 0.000000000000E+00 0.000000000000E+00 0.333947747946E+00 0.000000000000E+00 0.180450439453E+00 0.204449459910E+00 0.000000000000E+00 0.547949194908E+00 0.126446530223E+00 0.114001467824E+00 0.268499761820E+00 0.221051022410E+00 0.000000000000E+00 0.000000000000E+00 0.000000000000E+00 0.733996570110E+00 0.000000000000E+00 0.778546154499E+00 0.000000000000E+00 0.000000000000E+00 0.000000000000E+00 0.486047357321E+00 0.000000000000E+00 0.409002691507E+00 0.000000000000E+00 0.000000000000E+00 0.522998034954E+00 0.000000000000E+00 0.000000000000E+00 0.000000000000E+00 0.515502929688E+00 0.000000000000E+00 0.000000000000E+00 0.346496582031E+00 0.000000000000E+00 0.170495599508E+00 0.212548822165E+00 0.000000000000E+00 0.456994622946E+00
0.270501703024E+00 0.000000000000E+00 0.247998043895E+00 0.000000000000E+00 0.214447021484E+00 0.000000000000E+00 0.000000000000E+00 0.000000000000E+00 0.180999755859E+00 0.135003656149E+00 0.000000000000E+00 0.625946044922E+00 0.173004150391E+00 0.000000000000E+00 0.361553966999E+00 0.000000000000E+00 0.000000000000E+00 0.210052490234E+00 0.164501950145E+00 0.767547607422E+00 0.407049566507E+00 0.939501941204E+00 0.562048316002E+00 0.000000000000E+00 0.000000000000E+00 0.000000000000E+00 0.000000000000E+00 0.941552758217E+00 0.000000000000E+00 0.000000000000E+00 0.000000000000E+00 0.000000000000E+00 0.113854980469E+01 0.000000000000E+00 0.104354250431E+01 0.986047387123E+00 0.000000000000E+00 0.691052258015E+00 0.713049292564E+00 0.668554663658E+00 0.655053734779E+00 0.735998511314E+00 0.000000000000E+00
0.232952877879E+00 0.000000000000E+00 0.000000000000E+00 0.000000000000E+00 0.264447033405E+00 0.000000000000E+00 0.000000000000E+00 0.433447271585E+00 0.392950445414E+00 0.467950433493E+00 0.684448242188E+00 0.654949963093E+00 0.844726525247E-02 0.175549313426E+00 0.297503650188E+00 0.000000000000E+00 0.760498046875E-01 0.316503912210E+00 0.244549557567E+00 0.765545666218E+00 0.000000000000E+00 0.896051049232E+00 0.544995129108E+00 0.000000000000E+00 0.854998767376E+00 0.399053961039E+00 0.000000000000E+00 0.444494634867E+00 0.978552222252E+00 0.000000000000E+00 0.000000000000E+00 0.000000000000E+00 0.000000000000E+00 0.000000000000E+00 0.568505883217E+00 0.000000000000E+00 0.499499499798E+00 0.540490746498E+00 0.000000000000E+00 0.482495129108E+00 0.000000000000E+00 0.000000000000E+00 0.000000000000E+00
0.431500256062E+00 0.261450201273E+00 0.000000000000E+00 0.304449468851E+00 0.000000000000E+00 0.188500970602E+00 0.000000000000E+00 0.221002191305E+00 0.000000000000E+00 0.294445812702E+00 0.357000738382E+00 0.452954113483E+00 0.000000000000E+00 0.333996593952E+00 0.000000000000E+00 0.291552722454E+00 0.151452630758E+00 0.000000000000E+00 0.373498529196E+00 0.768054187298E+00 0.396545410156E+00 0.847503662109E+00 0.622045874596E+00 0.404504388571E+00 0.979046642780E+00 0.437548816204E+00 0.968499779701E+00 0.717053234577E+00 0.000000000000E+00 0.103750002384E+01 0.965551733971E+00 0.000000000000E+00 0.000000000000E+00 0.000000000000E+00 0.839550793171E+00 0.898547351360E+00 0.000000000000E+00 0.000000000000E+00 0.808557152748E+00 0.814050316811E+00 0.624060034752E+00 0.428991705179E+00 0.431542962790E+00
0.329949945211E+00 0.000000000000E+00 0.494946300983E+00 0.143499761820E+00 0.000000000000E+00 0.000000000000E+00 0.435504138470E+00 0.000000000000E+00 0.172949224710E+00 0.000000000000E+00 0.959472656250E-01 0.000000000000E+00 0.528051733971E+00 0.000000000000E+00 0.000000000000E+00 0.191552728415E+00 0.000000000000E+00 0.350048840046E+00 0.267004400492E+00 0.711547851562E+00 0.454498291016E+00 0.820550560951E+00 0.692053198814E+00 0.451995849609E+00 0.885052502155E+00 0.475500494242E+00 0.128304445744E+01 0.000000000000E+00 0.123706054688E+01 0.000000000000E+00 0.902502417564E+00 0.000000000000E+00 0.000000000000E+00 0.000000000000E+00 0.704052746296E+00 0.000000000000E+00 0.566503882408E+00 0.461547851562E+00 0.733544945717E+00 0.595544457436E+00 0.587548851967E+00 0.553552269936E+00 0.000000000000E+00
0.505950927734E+00 0.000000000000E+00 0.524951159954E+00 0.255950927734E+00 0.000000000000E+00 0.235449224710E+00 0.423449695110E+00 0.000000000000E+00 0.412451177835E+00 0.000000000000E+00 0.900024399161E-01 0.128997802734E+00 0.375048816204E+00 0.000000000000E+00 0.195953369141E+00 0.000000000000E+00 0.000000000000E+00 0.431048572063E+00 0.273999035358E+00 0.615051269531E+00 0.449999988079E+00 0.886547863483E+00 0.679052710533E+00 0.000000000000E+00 0.844049096107E+00 0.000000000000E+00 0.141955566406E+01 0.774047851562E+00 0.000000000000E+00 0.000000000000E+00 0.000000000000E+00 0.915002465248E+00 0.408496081829E+00 0.000000000000E+00 0.000000000000E+00 0.000000000000E+00 0.289050281048E+00 0.000000000000E+00 0.321545422077E+00 0.000000000000E+00 0.000000000000E+00 0.000000000000E+00 0.000000000000E+00
0.426501452923E+00 0.000000000000E+00 0.455950915813E+00 0.000000000000E+00 0.248449712992E+00 0.000000000000E+00 0.368499755859E+00 0.000000000000E+00 0.880004912615E-01 0.145947262645E+00 0.000000000000E+00 0.249548345804E+00 0.000000000000E+00 0.130499273539E+00 0.160998538136E+00 0.000000000000E+00 0.264050304890E+00 0.554052710533E+00 0.000000000000E+00 0.630053699017E+00 0.000000000000E+00 0.702545166016E+00 0.589550793171E+00 0.396002203226E+00 0.882049560547E+00 0.553497314453E+00 0.126605224609E+01 0.000000000000E+00 0.810559093952E+00 0.980542004108E+00 0.542004406452E+00 0.144654536247E+01 0.655554175377E+00 0.000000000000E+00 0.804553210735E+00 0.000000000000E+00 0.000000000000E+00 0.539550781250E+00 0.000000000000E+00 0.000000000000E+00 0.000000000000E+00 0.000000000000E+00 0.000000000000E+00
0.000000000000E+00 0.748950183392E+00 0.000000000000E+00 0.390948474407E+00 0.359002679586E+00 0.269946277142E+00 0.000000000000E+00 0.000000000000E+00 0.000000000000E+00 0.349450677633E+00 0.000000000000E+00 0.000000000000E+00 0.000000000000E+00 0.000000000000E+00 0.000000000000E+00 0.243048101664E+00 0.000000000000E+00 0.573553442955E+00 0.000000000000E+00 0.674047827721E+00 0.356549084187E+00 0.749499499798E+00 0.587048351765E+00 0.432000726461E+00 0.000000000000E+00 0.456549078226E+00 0.104250490665E+01 0.537548840046E+00 0.100305175781E+01 0.982995629311E+00 0.512548804283E+00 0.128100585938E+01 0.730542004108E+00 0.117406010628E+01 0.484997570515E+00 0.488549798727E+00 0.371044933796E+00 0.000000000000E+00 0.000000000000E+00 0.000000000000E+00 0.000000000000E+00 0.000000000000E+00 0.000000000000E+00
0.000000000000E+00 0.222497552633E+00 0.274450689554E+00 0.193499758840E+00 0.133447259665E+00 0.173999026418E+00 0.000000000000E+00 0.000000000000E+00 0.000000000000E+00 0.151000976562E+00 0.000000000000E+00 0.152551263571E+00 0.000000000000E+00 0.000000000000E+00 0.117053225636E+00 0.000000000000E+00 0.307049572468E+00 0.611053466797E+00 0.349499523640E+00 0.816052258015E+00 0.392498791218E+00 0.809051513672E+00 0.618548572063E+00 0.000000000000E+00 0.791052222252E+00 0.422998040915E+00 0.151605224609E+01 0.000000000000E+00 0.000000000000E+00 0.708044409752E+00 0.000000000000E+00 0.193055415154E+01 0.000000000000E+00 0.000000000000E+00 0.000000000000E+00 0.650048851967E+00 0.000000000000E+00 0.000000000000E+00 0.000000000000E+00 0.000000000000E+00 0.000000000000E+00 0.000000000000E+00 0.000000000000E+00
0.000000000000E+00 0.450451672077E+00 0.000000000000E+00 0.381451427937E+00 0.352001965046E+00 0.363952636719E+00 0.329449474812E+00 0.000000000000E+00 0.362951666117E+00 0.000000000000E+00 0.460052490234E+00 0.195947259665E+00 0.000000000000E+00 0.196453854442E+00 0.000000000000E+00 0.000000000000E+00 0.239001467824E+00 0.730554223061E+00 0.000000000000E+00 0.768048107624E+00 0.398052990437E+00 0.000000000000E+00 0.649548351765E+00 0.416998296976E+00 0.859051525593E+00 0.475048840046E+00 0.128099977970E+01 0.746557593346E+00 0.142154538631E+01 0.000000000000E+00 0.000000000000E+00 0.192554926872E+01 0.614489734173E+00 0.000000000000E+00 0.000000000000E+00 0.000000000000E+00 0.000000000000E+00 0.000000000000E+00 0.000000000000E+00 0.000000000000E+00 0.000000000000E+00 0.000000000000E+00 0.000000000000E+00
0.201501458883E+00 0.000000000000E+00 0.000000000000E+00 0.233001708984E+00 0.183447271585E+00 0.111450195312E+00 0.000000000000E+00 0.411950677633E+00 0.108447268605E+00 0.000000000000E+00 0.357501208782E+00 0.144500732422E+00 0.000000000000E+00 0.924987792969E-01 0.198052972555E+00 0.375549316406E+00 0.000000000000E+00 0.548046886921E+00 0.285003662109E+00 0.769049048424E+00 0.457000732422E+00 0.856048583984E+00 0.626550316811E+00 0.415997326374E+00 0.000000000000E+00 0.486499011517E+00 0.150955200195E+01 0.914050281048E+00 0.658996582031E+00 0.000000000000E+00 0.106154787540E+01 0.000000000000E+00 0.930053710938E+00 0.101905512810E+01 0.000000000000E+00 0.000000000000E+00 0.000000000000E+00 0.000000000000E+00 0.000000000000E+00 0.000000000000E+00 0.000000000000E+00 0.000000000000E+00 0.000000000000E+00
0.000000000000E+00 0.286450207233E+00 0.348999023438E+00 0.347949206829E+00 0.272503674030E+00 0.000000000000E+00 0.000000000000E+00 0.300500482321E+00 0.869995132089E-01 0.251501470804E+00 0.000000000000E+00 0.000000000000E+00 0.221051022410E+00 0.000000000000E+00 0.316552728415E+00 0.443048089743E+00 0.000000000000E+00 0.472052007914E+00 0.371051013470E+00 0.744000256062E+00 0.368048101664E+00 0.846051037312E+00 0.640997290611E+00 0.413055419922E+00 0.811999499798E+00 0.478045642376E+00 0.163405764103E+01 0.000000000000E+00 0.000000000000E+00 0.000000000000E+00 0.148100590706E+01 0.000000000000E+00 0.000000000000E+00 0.103704833984E+01 0.000000000000E+00 0.000000000000E+00 0.000000000000E+00 0.000000000000E+00 0.000000000000E+00 0.000000000000E+00 0.000000000000E+00 0.000000000000E+00 0.000000000000E+00
0.000000000000E+00 0.353002935648E+00 0.328448474407E+00 0.279949963093E+00 0.391949474812E+00 0.338946521282E+00 0.000000000000E+00 0.372448742390E+00 0.000000000000E+00 0.208050534129E+00 0.000000000000E+00 0.142449945211E+00 0.000000000000E+00 0.000000000000E+00 0.477050781250E+00 0.441046148539E+00 0.000000000000E+00 0.554547131062E+00 0.292504876852E+00 0.670050024986E+00 0.417498767376E+00 0.813049316406E+00 0.628051757812E+00 0.000000000000E+00 0.815051257610E+00 0.455999761820E+00 0.112154543400E+01 0.435058593750E+00 0.989489734173E+00 0.905554175377E+00 0.101605224609E+01 0.181250000000E+01 0.838049292564E+00 0.124754643440E+01 0.000000000000E+00 0.000000000000E+00 0.000000000000E+00 0.000000000000E+00 0.000000000000E+00 0.000000000000E+00 0.000000000000E+00 0.000000000000E+00 0.000000000000E+00
