sim0/prepro/dtm_Kc.txt
north:     0
south:           0.00000000
east:      0
west:            0.00000000
rows:    246
cols:    130
[rows 108 to 125 of 246, columns 40 to 79 of 130]
-1.4422512134349362E-002 1.1813799182535573E-002 2.9500533861270004E-003 -2.1083518442009029E-002 3.3252553692347940E-002 8.6966604995818934E-003 -4.2984227520037770E-002 -3.5112004801385266E-002 2.7143257147726949E-002 -1.8339586796279363E-002 -2.3725765788672040E-002 9.1857537894057192E-003 -8.8541879150568215E-003 -3.0297021227736122E-002 6.1343263526481819E-002 -4.9968567361901410E-002 -2.6602352037664267E-002 6.1296221997056786E-003 8.4561014555543136E-003 -1.4342348271499045E-002 -9.9607252449992412E-005 6.0228273760427062E-003 -1.8731219130796579E-002 -9.5094133713255237E-003 -4.4506075239413981E-002 -1.1579235939150955E-002 -1.8820680836306246E-002 -2.3411067871856327E-002 3.7520858741261424E-002 -2.4710598647097095E-002 -8.5604371201375411E-003 -1.7285349140980247E-002 -1.0683566989559299E-002 -1.1443870090378895E-002 -1.4851411053881622E-002 3.5861095047635639E-003 -1.7286659203753045E-002 -7.3658619073335378E-003 1.3223821286050361E-002 -4.1356917420743398E-002
-9.4205445805718643E-003 3.0887660023326782E-002 -2.2272531287934532E-002 1.6195490702051233E-002 -3.2688674752582051E-003 2.0829221117765629E-002 -3.5908765368665926E-003 -4.1355763729217621E-002 -5.7232567126606860E-004 1.4128688048682897E-002 3.4718914329131914E-003 7.9032484563040534E-003 4.2946749547918064E-002 -8.4900545157116716E-002 5.4548410700975776E-002 -2.8535880108762610E-002 -2.5090114906930645E-002 0.11162249892760810 8.6660805066714128E-003 1.5768865374012373E-002 3.2492788034877401E-002 -1.0032378714163070E-002 -1.5069366175708065E-002 -4.2383458245248223E-002 -2.4393729985721461E-004 -1.2835617351880373E-003 -4.1833451337304969E-003 3.3327587691394552E-003 1.3218433110503015E-002 -2.1539858143410494E-002 1.9392029523206289E-002 1.0575935939409002E-002 -3.2558938393596151E-002 1.5929783025155908E-002 -1.1415841140303017E-002 1.1039714636189269E-002 -2.5126862672165195E-002 2.6461569939308299E-002 -1.6939563425344202E-003 -3.6281443990337565E-002
3.7760696963940691E-003 3.6038556317374473E-002 -5.0524800728252058E-003 5.0947370716975658E-002 3.5709935270696769E-002 -4.5302390115057135E-002 4.9191741146513576E-002 -5.6350734763114335E-002 -1.1866857859264362E-003 1.1224834587252418E-002 2.4032799115826835E-002 1.4889682169407477E-002 3.5758179178541349E-002 -3.9238832152122233E-002 1.3432474778635257E-002 3.3360988712766708E-002 -3.6790170386273704E-004 0.28066767286499472 1.4046770898221688E-002 1.5825258338596635E-002 -1.2724658577705949E-002 1.5913451311106785E-002 -1.3620857164748866E-002 -5.1603302563042262E-002 6.5168835213784984E-002 -4.4352425148108275E-003 2.1221540810504331E-002 7.2965635880773280E-003 2.2949654055604972E-002 1.5393895669478541E-003 3.5238034554709544E-002 -4.8524824664881085E-003 4.3579839741788289E-003 2.5716930722488311E-002 -1.3952410969677856E-002 2.0650798926739464E-002 -1.0873958703023955E-002 2.4298175197405621E-002 4.3355060676065716E-003 -1.9327547221401373E-002
-7.4495548008188363E-003 -1.4633632763892955E-002 7.8901261925609541E-003 -5.9282691686875305E-002 4.6518344784618443E-002 -2.8326127954580730E-002 6.0048528178016730E-002 -4.7875323046618713E-002 -1.2395583787324858E-002 -3.5790315648002197E-002 8.3664230822913781E-003 -9.1927531536575117E-003 2.1362681640584909E-002 -1.8459392882955242E-002 -3.4704516086533174E-002 -1.6018444163983458E-002 -1.5774669397453020E-002 7.8251835971635347E-002 2.2847942252557596E-004 5.9452472081391655E-003 -4.3271917484260604E-002 -4.0969539416851428E-002 -7.4175254922690573E-002 8.1877038543380180E-003 4.9506396174821825E-002 -1.2102980679956545E-002 7.3834457141021470E-003 -7.7263877093541071E-003 5.7094262666322389E-003 1.8510296767095667E-002 1.8372022450160036E-003 -1.1126516382819278E-002 -2.2926217776729797E-002 -3.5063853527644078E-003 -2.6858421540834180E-002 5.6990582541256224E-003 -1.8143288881895415E-002 1.3232104289620462E-003 -4.3081527408288757E-003 -7.8858826203951869E-003
4.2526619923465327E-003 3.7044443105838445E-002 -1.1565470654983130E-002 8.3930793462590522E-003 2.3321035973274135E-002 3.7869254395093486E-003 5.0381808602987480E-002 7.1901741811483434E-003 -2.3583446904619332E-002 -4.8599323449366669E-003 1.8824954797554631E-002 -7.2032780818408887E-004 2.2302254517441580E-002 3.2253700936453050E-003 1.0863724006452254E-002 -1.1915879095518550E-002 6.6705375497285255E-003 1.2139300494149836E-002 6.3478827975326701E-003 -3.7836901074575172E-002 -3.7872021306457372E-002 -7.5043426304762873E-003 -3.7765893748600746E-002 4.7434723340145660E-002 2.7442978081900053E-002 7.0644233744389297E-003 5.7130523783509100E-002 6.1082988413165971E-002 3.2792577512625341E-002 -1.7356995206752244E-002 -4.2228612822027079E-003 5.5851929940977903E-003 1.3619404279077289E-003 5.1511487229301467E-003 3.5465727191691080E-003 1.8643620093301887E-002 -2.4835012902410910E-002 3.9538977330423442E-002 1.6731756616696302E-002 -5.7047399493225610E-003
-2.5399493302231515E-003 1.3581983597515557E-002 1.5887799219714158E-002 -5.2347171585173435E-002 6.7342493861199462E-003 -4.1048114984357766E-002 3.2224673584671723E-003 5.1657261305374735E-002 -1.7058015303341396E-002 -3.6393619402755796E-002 6.6361670855824848E-003 -2.3225325578948252E-002 -7.7507775155928023E-003 -4.1201547020030226E-003 -2.2447445705348675E-002 1.1638364747056960E-002 0.16056426448094227 -2.2796800113870169E-002 -3.7016749507790450E-002 -2.8466610959026657E-002 -2.9870425269098055E-002 -1.3709651273003842E-002 -2.9667445728488551E-002 7.2474987434800631E-002 6.1972997079200454E-003 2.2661522760770909E-003 -1.5011933706526918E-002 -6.6556450129225023E-002 -2.9852204267955144E-002 -2.8004494461328452E-002 3.0985362786415875E-003 -7.3507780011418285E-003 -2.7676931677013659E-002 5.6835874320196687E-003 -1.2886185885225514E-002 -9.9487408541426171E-003 -1.4728449006148546E-002 8.2332820565880517E-003 -1.0587035866034258E-002 -2.8681756926379472E-002
-1.5195207898813250E-003 2.2470115578757839E-002 2.2316884963460733E-002 1.5520324823525751E-002 1.8502529898072030E-002 -1.2254165771058622E-002 -2.3005447707099138E-002 1.4020793871743559E-004 4.3775390250776466E-002 -2.0149818364131940E-002 5.7625686567794219E-005 7.3693133784430050E-003 2.6814884895544539E-003 1.7020239814200189E-002 4.7076742354512655E-003 1.8541619605331357E-002 0.12797286867814375 1.0359855932046622E-002 -4.1779514544158227E-003 1.8956420253566865E-003 5.3652733178228638E-003 -5.4440989116469961E-002 3.7978460473570570E-002 6.6276283029889790E-002 3.1562756988762673E-002 2.1636611168931556E-002 2.1283794416516722E-002 1.1670043711638788E-002 2.5280883084503519E-002 8.6819803540287392E-003 3.6684363516949682E-002 1.7391136008146412E-002 1.9067555206993173E-002 2.0023516906540539E-002 -1.0089319755771060E-002 2.5344651025779531E-002 -4.7197378844310111E-004 3.1985570198751784E-002 8.8877961421508587E-003 2.2668597435676389E-003
-2.1164147616317838E-002 1.6565082739324992E-003 -2.1924778733957966E-002 1.1098746837350932E-004 -6.0681831196443721E-003 -2.1376453137025198E-003 1.2749084476750008E-002 -3.3326487548219409E-002 3.9024683951757268E-002 -3.2614584705277526E-002 -9.7853218131625144E-003 4.6380144750703218E-003 -1.9181555477141642E-002 -3.1545459859404941E-002 3.2667861562265194E-003 4.2202158584329734E-003 3.4112459719636126E-002 -1.2117692221217068E-002 -5.8786442156246656E-002 -8.7403566567315595E-005 -5.1763304509043180E-003 -3.6893668120534212E-002 3.3602581125393861E-002 2.1510203490836415E-002 1.6174419349057716E-003 -1.5884438707707714E-003 4.3777335105906531E-003 -1.0196864899202492E-002 -6.1105061876251272E-003 -2.0178892772090621E-002 -1.6004718985698024E-002 -1.1150921652501035E-002 -2.6292098561814331E-002 4.6544842098912185E-003 -7.2728367763555775E-003 1.5463614683023737E-002 1.8812006560243517E-002 2.7673355481926967E-002 5.0216760261616165E-002 3.6797990898555746E-002
-2.1296691396234320E-003 1.3611012168168306E-002 -4.3691978875676947E-003 6.5505875234825187E-003 -2.0643731869309369E-003 5.2668027679962232E-003 2.9595553943454946E-002 -1.1862616024014557E-002 2.0738462520878378E-002 1.4336399312020215E-002 1.3943388673201187E-002 -8.0402547634236213E-003 2.5024532275617312E-002 -5.3749284956985333E-002 -3.0576396864639827E-002 1.6946221968872455E-002 4.8049300019247773E-002 9.5294555701864927E-003 -7.3224253354738672E-002 4.5429296095711395E-003 2.3924859407236355E-002 4.0562707170963573E-002 2.1415002898590198E-002 -3.5003565570321405E-003 -1.7455225427818976E-002 -1.6015109950051832E-002 -1.0192045343832546E-002 -3.2651764191852831E-003 4.0919652127464352E-002 8.6282107783803699E-002 9.5850465568545873E-002 5.7308073793288984E-002 7.3139878196872621E-002 6.8151207289455673E-002 4.6922089785391155E-002 6.0380373140148498E-002 1.9824018957259517E-002 4.7306624022721164E-002 2.3530163904866040E-002 -1.9991095479777794E-002
1.0977259487078377E-002 1.8015030168947125E-002 6.4300658740815368E-003 2.4016315117037803E-002 9.2910033930536824E-003 -2.1127791401896901E-002 1.9861152255145766E-002 3.6136339165164760E-002 3.4509740393693866E-002 -2.8793457457544072E-003 5.1634861107436043E-002 -3.7931642067993016E-003 3.7466726327136089E-003 -2.7055859434145155E-002 2.8664337009493678E-002 2.2210490884076971E-002 3.4102800047987193E-002 -3.0289290486508118E-002 2.0565858097849842E-002 4.7095039475010342E-002 4.3749464117001757E-002 1.8335332308750844E-002 1.7717534235061543E-002 3.8218516982412076E-002 3.5932765687251261E-002 5.6887592622175402E-002 5.3137621386498926E-002 5.1431671521980360E-002 2.3646446115234442E-002 -2.0200036964839258E-002 -6.1336806759492062E-003 1.7362311780972813E-002 -1.3978017938287528E-002 -9.0073519969552096E-003 -2.1142933017994695E-002 1.0499405345870167E-002 -1.8914546521121626E-002 1.4213552305423776E-002 -3.6728488815962902E-003 -2.7799088593027130E-002
-3.5387987595763983E-002 6.6813072700940609E-004 -1.3743850221881068E-002 1.5952193755497632E-004 4.6166844639291158E-003 -3.9051173267715227E-002 -2.1889956189634484E-002 -4.4389717042636855E-002 -3.4495321906632876E-003 -3.4535211156139382E-002 3.3662609265904593E-002 7.5915865910980247E-003 -2.0881431076791756E-002 -1.4604947711785863E-002 -3.6081125787518660E-002 -4.5252565718721834E-003 6.7915631634242087E-003 -8.1967258182409033E-002 2.7362315137352419E-002 2.2373796636648256E-002 -2.7596065866611740E-002 2.9203160280223761E-003 1.5006958256700755E-002 1.7557538750965149E-002 2.0050048691089929E-002 1.1623064086417159E-002 1.5298604076015189E-002 -4.1823737931675833E-003 3.2198551200875287E-002 3.3680980111410810E-003 1.5905554013396425E-002 3.7310451913742429E-003 -1.5537854333902701E-003 2.6523444479500856E-002 -1.8460816547163143E-002 9.6089627197369250E-003 -4.4700240532868857E-003 1.9280641094787214E-002 2.7737212544615870E-002 3.2985347892570721E-003
2.3213459204151677E-002 3.3018981753322858E-002 -4.5233104300986720E-003 3.6545657768042743E-002 4.8910387047636714E-002 -5.1029246829916705E-002 2.4793483210517709E-002 2.2160537590496330E-003 2.3595052656311264E-002 -9.0579796875578829E-003 4.1475953724742422E-002 2.6619461432856616E-002 1.0823165060910701E-003 -5.7018838739176618E-002 1.1970868715388378E-002 2.7366788541030761E-002 2.5016802363668215E-002 1.2675446983943701E-002 3.1886622593384227E-002 1.4482162361706236E-002 -9.9238735596933990E-003 2.6276456130774818E-002 -4.0837355078035141E-004 -1.9970897604310463E-003 -3.4534062061575652E-002 -1.3316371384139155E-002 2.0226475506299052E-003 -1.8090129680681015E-002 3.1159129260184162E-003 -1.6447828953700457E-002 5.7753489164589942E-003 -1.2783856274064254E-002 -3.5792844775156825E-002 7.4106700630761496E-003 -9.7877104178835314E-003 -7.9082216282945397E-003 -2.3032263724143517E-002 2.5584300124172281E-002 -8.5032044237920677E-003 -2.0784391451179805E-002
-3.8607091489406067E-002 -1.2971462739427328E-002 -5.4250433766645755E-003 -4.0033083310088903E-002 5.5418323946582755E-002 -6.3645832558591950E-002 -8.2401118403560882E-003 -2.5442171420341029E-002 2.5074026343693046E-002 -5.2394399322381949E-002 -1.7299030976518495E-002 3.2251280781319204E-002 1.4304561751129492E-002 -0.13696594477013777 -1.4294116282060805E-003 -3.2316702478452329E-003 2.4503364519437333E-002 1.1940227890640580E-002 -3.1980403569819911E-002 7.5055584813893926E-003 2.1316083398940287E-002 2.4661801253789046E-002 -5.2015891112762438E-003 -1.4623571688348182E-002 -8.2347450893983098E-003 -3.1381270680941223E-002 9.1942575506061622E-003 -1.2463013246772625E-002 6.0994799039254897E-003 -7.0331168062266114E-003 2.0869050699557648E-002 2.4179176969807294E-002 3.6949265000744067E-003 4.9543398208898894E-003 -1.9389477571247146E-002 2.1286434572236130E-002 -2.6511197475786157E-002 2.9799830370831119E-002 1.6869862190945575E-002 1.4305749643035045E-002
8.6509773674184037E-003 9.4804619703074845E-003 2.5460849516203046E-002 1.8169077197826185E-002 4.4841994553447465E-002 -2.5254269367475275E-002 1.7790782681398290E-002 5.0360053584207519E-003 3.6285897778326498E-002 2.4839105349482960E-002 -5.8453569676466159E-003 2.5032770599652369E-002 5.1474767086416913E-002 -8.1845822596569834E-002 -1.5830325655074865E-002 6.0494809698386325E-003 5.5199917739817896E-002 -3.7219537627100384E-003 -3.2340205058959768E-003 4.7511865809087388E-002 2.3847758247670995E-002 9.1027312434806950E-003 2.7065723740165347E-003 5.2599618683645084E-003 -1.0416186160869026E-002 -1.9354634042922647E-002 -2.3230883429283894E-002 -3.5994382496294233E-002 -2.3686472011055709E-002 -3.9910850028803208E-002 -1.1352170004149530E-002 -8.5253694776201028E-003 5.4425885677540000E-003 1.7896726730325726E-003 -3.8109778431002432E-002 -1.7197744493958531E-002 -2.2763967251720044E-002 1.7367489263455341E-002 -2.0647188661507142E-003 -2.3824666831037490E-002
2.1281808404405567E-002 1.9382094946093293E-002 -1.2234420083731249E-002 4.8405080197951825E-002 3.4600384605040793E-002 1.1105605104244192E-002 -1.4465678681183413E-002 -1.0706445364363326E-002 -4.4251133595490079E-002 2.0647315462803927E-002 -1.0449817672754668E-002 3.4351918786396166E-002 5.7047982218612911E-003 -3.2224629155688980E-002 -6.6253076186314055E-002 1.8414258789021979E-002 2.4049961768189312E-002 -4.1729892393690814E-002 3.5269264819069779E-002 9.7027402515243097E-003 -3.9965837093542282E-002 -1.9137818448157578E-002 -1.6493977219308169E-002 -1.0305901076786790E-002 -1.0155822076931862E-002 -5.6578996869546937E-003 -7.6609525515184832E-003 -5.0936625891457579E-003 -4.9457658163704781E-004 -8.0793190377836874E-003 9.3748091218802017E-003 -3.4030413847699177E-002 -6.8572950115152638E-003 5.3936544353709599E-002 1.5346033639620447E-002 4.6531727649742850E-003 -2.7841419975911587E-002 1.4748465048761700E-002 1.5952772131758344E-002 -1.8688553365734367E-002
-5.8267007020045808E-002 -1.2987496867338555E-002 -4.5846327930390091E-002 -5.0685175720166724E-002 1.3796452431794805E-003 5.7549110276453527E-002 -3.5280269289354816E-003 1.8056617572279443E-002 -9.1387252990432835E-003 -5.1762598852326839E-003 3.5427684643912438E-002 2.1789787447884248E-002 2.8962080196610605E-003 4.1654427512124760E-003 -9.5881870320666876E-003 -4.5535161823960033E-003 -9.3781815285039649E-002 4.8702667290559595E-002 -3.7938621336127590E-002 -3.4105597340573307E-002 4.2880593290175142E-002 -1.2519307747313189E-003 -6.5952718932322362E-003 -2.6711473334693845E-003 -7.7783651284155585E-004 -2.0148865256002023E-003 3.6267890312621596E-003 -1.2029557244954314E-002 -1.3431067943176913E-002 -1.2102059418607890E-002 -1.1059055744955805E-002 -1.2200106376107241E-002 -4.3883332840005403E-002 2.7110299978528943E-002 9.2270276332040359E-004 8.9922706574335504E-003 -2.4099447705971899E-002 9.2795456486405806E-003 -4.1386039864638961E-003 -6.8011786577345393E-003
4.2053123973112561E-002 6.8707393329060881E-002 -8.8872859372770466E-002 2.2301271520588369E-002 -7.7523935397274752E-003 -1.7037862149504712E-002 3.6508165816820100E-002 1.7481805249151248E-002 6.9847047584405512E-003 1.8939487123455520E-003 3.4498401532336923E-002 1.5850003893459454E-002 5.4814593652228551E-002 8.8905663208371476E-003 0.12793791634595050 -3.3265987221893764E-002 9.3087939038890392E-003 1.0387822110287095E-002 -1.4722782162420654E-002 4.4900511422977032E-002 -4.4136297952738178E-003 1.0546984684107526E-002 4.3664585378980309E-003 4.8025680507672353E-004 6.2741001356279779E-003 9.1587935928343252E-004 -6.4073805104875245E-003 -2.9007749800121752E-003 -1.5974010729290049E-003 -1.2607534691630923E-002 -1.6207302532442423E-002 -5.0172665989178425E-002 -5.0834904225212800E-002 -4.9796652624701732E-002 -2.3724770155030234E-002 7.9587077184125089E-003 -3.3405238459976859E-002 -1.2472866889560329E-003 -6.4901910206307560E-003 -3.5414196769821368E-002
-1.3249870292544793E-002 4.3431042884339487E-002 9.0346909438823698E-004 -8.9203169598297452E-002 -1.3408785301155187E-002 -2.9291502266277650E-002 -6.6925265153642687E-004 -2.8494436478717244E-002 -1.3432160225156906E-003 -3.7813170834169380E-002 7.3018588925703471E-003 -4.2762423135302284E-002 -4.1000218432318408E-002 0.13436269405476853 -1.0206260415919800E-002 -5.4033554701726459E-002 -4.6955307548438626E-003 -3.4541761936473986E-002 -6.8668514973805102E-003 6.1101274111951785E-003 1.8370097562131146E-003 1.1574944297855168E-002 1.9542611175406507E-002 7.1803157022491352E-003 -1.0354994738536323E-002 -2.2428007088952703E-002 -1.2989355748966808E-002 -8.1462927828482006E-003 -4.1444741286040679E-003 -1.8191323228569527E-002 -3.2485318558847190E-002 -2.0884198978405620E-002 -1.5693192555901472E-002 -9.2809846661412506E-003 -2.9838168344497908E-002 -2.2625055820089260E-003 -7.8280842609108527E-003 1.0482020257553945E-002 2.8847646371533281E-002 7.7323931050799245E-003
