sim0/prepro/dtm_kSs1_sf_1
north:     0
south:           0.00000000
east:      0
west:            0.00000000
rows:    246
cols:    130
[rows 38 to 56 of 246, columns 43 to 85 of 130]
0.000000000000E+00 0.000000000000E+00 0.000000000000E+00 0.000000000000E+00 0.000000000000E+00 0.000000000000E+00 0.000000000000E+00 0.657478272915E-01 0.657478272915E-01 0.786496028304E-01 0.657478272915E-01 0.000000000000E+00 0.000000000000E+00 0.000000000000E+00 0.000000000000E+00 0.000000000000E+00 0.000000000000E+00 0.000000000000E+00 0.613448917866E-01 0.000000000000E+00 0.000000000000E+00 0.745226368308E-01 0.842945575714E-01 0.000000000000E+00 0.000000000000E+00 0.000000000000E+00 0.704667791724E-01 0.919106677175E-01 0.000000000000E+00 0.772286430001E-01 0.000000000000E+00 0.000000000000E+00 0.000000000000E+00 0.000000000000E+00 0.891463086009E-01 0.555846333504E+00 0.000000000000E+00 0.000000000000E+00 0.613448917866E-01 0.684684589505E-01 0.684684589505E-01 0.000000000000E+00 0.613448917866E-01
0.000000000000E+00 0.000000000000E+00 0.000000000000E+00 0.000000000000E+00 0.000000000000E+00 0.000000000000E+00 0.613448917866E-01 0.684684589505E-01 0.684684589505E-01 0.792816653848E-01 0.684684589505E-01 0.613448917866E-01 0.720568746328E-01 0.684684589505E-01 0.000000000000E+00 0.684684589505E-01 0.684684589505E-01 0.000000000000E+00 0.872823297977E-01 0.000000000000E+00 0.000000000000E+00 0.000000000000E+00 0.846393704414E-01 0.000000000000E+00 0.720568746328E-01 0.000000000000E+00 0.000000000000E+00 0.000000000000E+00 0.613448917866E-01 0.000000000000E+00 0.000000000000E+00 0.720568746328E-01 0.613448917866E-01 0.613448917866E-01 0.897634774446E-01 0.577623307705E+00 0.000000000000E+00 0.613448917866E-01 0.613448917866E-01 0.704667791724E-01 0.720568746328E-01 0.613448917866E-01 0.657478272915E-01
0.000000000000E+00 0.000000000000E+00 0.000000000000E+00 0.000000000000E+00 0.000000000000E+00 0.000000000000E+00 0.657478272915E-01 0.704667791724E-01 0.704667791724E-01 0.798713862896E-01 0.704667791724E-01 0.657478272915E-01 0.733826756477E-01 0.704667791724E-01 0.613448917866E-01 0.779682323337E-01 0.000000000000E+00 0.613448917866E-01 0.000000000000E+00 0.613448917866E-01 0.000000000000E+00 0.000000000000E+00 0.000000000000E+00 0.000000000000E+00 0.745226368308E-01 0.000000000000E+00 0.814372897148E-01 0.745226368308E-01 0.106765873730E+00 0.000000000000E+00 0.000000000000E+00 0.613448917866E-01 0.657478272915E-01 0.657478272915E-01 0.899609848857E-01 0.000000000000E+00 0.613448917866E-01 0.000000000000E+00 0.657478272915E-01 0.720568746328E-01 0.733826756477E-01 0.657478272915E-01 0.000000000000E+00
0.000000000000E+00 0.000000000000E+00 0.000000000000E+00 0.000000000000E+00 0.000000000000E+00 0.613448917866E-01 0.000000000000E+00 0.720568746328E-01 0.720568746328E-01 0.804243460298E-01 0.720568746328E-01 0.000000000000E+00 0.745226368308E-01 0.000000000000E+00 0.000000000000E+00 0.786496028304E-01 0.000000000000E+00 0.000000000000E+00 0.000000000000E+00 0.884881019592E-01 0.613448917866E-01 0.000000000000E+00 0.000000000000E+00 0.000000000000E+00 0.000000000000E+00 0.000000000000E+00 0.823481380939E-01 0.755244195461E-01 0.107136838138E+00 0.000000000000E+00 0.613448917866E-01 0.000000000000E+00 0.684684589505E-01 0.000000000000E+00 0.582956194878E+00 0.000000000000E+00 0.613448917866E-01 0.000000000000E+00 0.000000000000E+00 0.733826756477E-01 0.745226368308E-01 0.733826756477E-01 0.000000000000E+00
0.000000000000E+00 0.000000000000E+00 0.000000000000E+00 0.000000000000E+00 0.000000000000E+00 0.657478272915E-01 0.613448917866E-01 0.764192342758E-01 0.733826756477E-01 0.809450745583E-01 0.733826756477E-01 0.613448917866E-01 0.779682323337E-01 0.613448917866E-01 0.000000000000E+00 0.804243460298E-01 0.613448917866E-01 0.657478272915E-01 0.745226368308E-01 0.000000000000E+00 0.000000000000E+00 0.000000000000E+00 0.000000000000E+00 0.798713862896E-01 0.884881019592E-01 0.000000000000E+00 0.831764414907E-01 0.764192342758E-01 0.000000000000E+00 0.000000000000E+00 0.684684589505E-01 0.000000000000E+00 0.000000000000E+00 0.000000000000E+00 0.583522439003E+00 0.000000000000E+00 0.000000000000E+00 0.613448917866E-01 0.000000000000E+00 0.786496028304E-01 0.000000000000E+00 0.950796157122E-01 0.934083908796E-01
0.000000000000E+00 0.000000000000E+00 0.000000000000E+00 0.000000000000E+00 0.000000000000E+00 0.684684589505E-01 0.000000000000E+00 0.772286430001E-01 0.745226368308E-01 0.000000000000E+00 0.000000000000E+00 0.000000000000E+00 0.786496028304E-01 0.000000000000E+00 0.000000000000E+00 0.000000000000E+00 0.000000000000E+00 0.684684589505E-01 0.000000000000E+00 0.000000000000E+00 0.000000000000E+00 0.000000000000E+00 0.657478272915E-01 0.000000000000E+00 0.887124165893E-01 0.000000000000E+00 0.867547839880E-01 0.107691869140E+00 0.000000000000E+00 0.613448917866E-01 0.000000000000E+00 0.000000000000E+00 0.613448917866E-01 0.000000000000E+00 0.584083795547E+00 0.684684589505E-01 0.613448917866E-01 0.613448917866E-01 0.657478272915E-01 0.980665907264E-01 0.684684589505E-01 0.613448917866E-01 0.000000000000E+00
0.000000000000E+00 0.000000000000E+00 0.000000000000E+00 0.000000000000E+00 0.000000000000E+00 0.704667791724E-01 0.613448917866E-01 0.792816653848E-01 0.755244195461E-01 0.613448917866E-01 0.819041058421E-01 0.755244195461E-01 0.804243460298E-01 0.613448917866E-01 0.000000000000E+00 0.657478272915E-01 0.839365646243E-01 0.733826756477E-01 0.613448917866E-01 0.000000000000E+00 0.657478272915E-01 0.893563181162E-01 0.720568746328E-01 0.613448917866E-01 0.000000000000E+00 0.613448917866E-01 0.000000000000E+00 0.108110584319E+00 0.745226368308E-01 0.733826756477E-01 0.733826756477E-01 0.613448917866E-01 0.684684589505E-01 0.000000000000E+00 0.584176898003E+00 0.613448917866E-01 0.000000000000E+00 0.613448917866E-01 0.657478272915E-01 0.982450619340E-01 0.613448917866E-01 0.000000000000E+00 0.613448917866E-01
0.000000000000E+00 0.000000000000E+00 0.000000000000E+00 0.000000000000E+00 0.613448917866E-01 0.000000000000E+00 0.657478272915E-01 0.000000000000E+00 0.000000000000E+00 0.000000000000E+00 0.823481380939E-01 0.764192342758E-01 0.809450745583E-01 0.657478272915E-01 0.000000000000E+00 0.733826756477E-01 0.000000000000E+00 0.000000000000E+00 0.000000000000E+00 0.613448917866E-01 0.000000000000E+00 0.000000000000E+00 0.000000000000E+00 0.657478272915E-01 0.000000000000E+00 0.000000000000E+00 0.613448917866E-01 0.108185172081E+00 0.613448917866E-01 0.613448917866E-01 0.745226368308E-01 0.000000000000E+00 0.000000000000E+00 0.000000000000E+00 0.000000000000E+00 0.704667791724E-01 0.613448917866E-01 0.613448917866E-01 0.704667791724E-01 0.985934808850E-01 0.684684589505E-01 0.657478272915E-01 0.613448917866E-01
0.000000000000E+00 0.000000000000E+00 0.000000000000E+00 0.613448917866E-01 0.000000000000E+00 0.000000000000E+00 0.842945575714E-01 0.000000000000E+00 0.613448917866E-01 0.772286430001E-01 0.835642814636E-01 0.772286430001E-01 0.814372897148E-01 0.684684589505E-01 0.613448917866E-01 0.755244195461E-01 0.613448917866E-01 0.846393704414E-01 0.755244195461E-01 0.704667791724E-01 0.613448917866E-01 0.792816653848E-01 0.897634774446E-01 0.772286430001E-01 0.000000000000E+00 0.000000000000E+00 0.971274375916E-01 0.108222290874E+00 0.613448917866E-01 0.657478272915E-01 0.772286430001E-01 0.000000000000E+00 0.000000000000E+00 0.584732651711E+00 0.613448917866E-01 0.000000000000E+00 0.613448917866E-01 0.613448917866E-01 0.720568746328E-01 0.000000000000E+00 0.000000000000E+00 0.613448917866E-01 0.000000000000E+00
0.000000000000E+00 0.000000000000E+00 0.000000000000E+00 0.657478272915E-01 0.613448917866E-01 0.000000000000E+00 0.852932780981E-01 0.613448917866E-01 0.657478272915E-01 0.779682323337E-01 0.839365646243E-01 0.000000000000E+00 0.000000000000E+00 0.000000000000E+00 0.000000000000E+00 0.000000000000E+00 0.657478272915E-01 0.849719867110E-01 0.764192342758E-01 0.720568746328E-01 0.000000000000E+00 0.798713862896E-01 0.899609848857E-01 0.000000000000E+00 0.000000000000E+00 0.000000000000E+00 0.973218977451E-01 0.108259297907E+00 0.000000000000E+00 0.000000000000E+00 0.587087452412E+00 0.585375070572E+00 0.684684589505E-01 0.613448917866E-01 0.000000000000E+00 0.613448917866E-01 0.000000000000E+00 0.657478272915E-01 0.991777852178E-01 0.000000000000E+00 0.000000000000E+00 0.786496028304E-01 0.000000000000E+00
0.000000000000E+00 0.613448917866E-01 0.000000000000E+00 0.704667791724E-01 0.613448917866E-01 0.000000000000E+00 0.864797830582E-01 0.000000000000E+00 0.000000000000E+00 0.786496028304E-01 0.842945575714E-01 0.613448917866E-01 0.786496028304E-01 0.823481380939E-01 0.720568746328E-01 0.684684589505E-01 0.786496028304E-01 0.852932780981E-01 0.000000000000E+00 0.000000000000E+00 0.613448917866E-01 0.814372897148E-01 0.922281742096E-01 0.000000000000E+00 0.657478272915E-01 0.000000000000E+00 0.000000000000E+00 0.609566032887E+00 0.587530732155E+00 0.613448917866E-01 0.613448917866E-01 0.000000000000E+00 0.000000000000E+00 0.000000000000E+00 0.613448917866E-01 0.000000000000E+00 0.613448917866E-01 0.000000000000E+00 0.994982570410E-01 0.000000000000E+00 0.745226368308E-01 0.733826756477E-01 0.613448917866E-01
0.613448917866E-01 0.657478272915E-01 0.000000000000E+00 0.745226368308E-01 0.000000000000E+00 0.000000000000E+00 0.877826437354E-01 0.000000000000E+00 0.613448917866E-01 0.000000000000E+00 0.846393704414E-01 0.657478272915E-01 0.792816653848E-01 0.000000000000E+00 0.733826756477E-01 0.704667791724E-01 0.792816653848E-01 0.000000000000E+00 0.613448917866E-01 0.000000000000E+00 0.755244195461E-01 0.819041058421E-01 0.000000000000E+00 0.613448917866E-01 0.000000000000E+00 0.000000000000E+00 0.613448917866E-01 0.000000000000E+00 0.613448917866E-01 0.613448917866E-01 0.613448917866E-01 0.613448917866E-01 0.000000000000E+00 0.613448917866E-01 0.613448917866E-01 0.613448917866E-01 0.000000000000E+00 0.613448917866E-01 0.101903811097E+00 0.720568746328E-01 0.704667791724E-01 0.657478272915E-01 0.613448917866E-01
0.000000000000E+00 0.613448917866E-01 0.657478272915E-01 0.000000000000E+00 0.000000000000E+00 0.000000000000E+00 0.887124165893E-01 0.613448917866E-01 0.000000000000E+00 0.000000000000E+00 0.891463086009E-01 0.000000000000E+00 0.000000000000E+00 0.000000000000E+00 0.000000000000E+00 0.000000000000E+00 0.000000000000E+00 0.613448917866E-01 0.861966833472E-01 0.613448917866E-01 0.827716141939E-01 0.954302847385E-01 0.000000000000E+00 0.704667791724E-01 0.000000000000E+00 0.000000000000E+00 0.000000000000E+00 0.613448917866E-01 0.000000000000E+00 0.657478272915E-01 0.657478272915E-01 0.000000000000E+00 0.613448917866E-01 0.000000000000E+00 0.000000000000E+00 0.657478272915E-01 0.000000000000E+00 0.755244195461E-01 0.000000000000E+00 0.657478272915E-01 0.613448917866E-01 0.000000000000E+00 0.823481380939E-01
0.000000000000E+00 0.657478272915E-01 0.613448917866E-01 0.657478272915E-01 0.000000000000E+00 0.000000000000E+00 0.893563181162E-01 0.000000000000E+00 0.613448917866E-01 0.684684589505E-01 0.895619839430E-01 0.613448917866E-01 0.704667791724E-01 0.804243460298E-01 0.657478272915E-01 0.856040343642E-01 0.733826756477E-01 0.809450745583E-01 0.864797830582E-01 0.657478272915E-01 0.831764414907E-01 0.956577882171E-01 0.613448917866E-01 0.000000000000E+00 0.657478272915E-01 0.616092860699E+00 0.613448917866E-01 0.613448917866E-01 0.613448917866E-01 0.704667791724E-01 0.733826756477E-01 0.000000000000E+00 0.000000000000E+00 0.000000000000E+00 0.613448917866E-01 0.684684589505E-01 0.613448917866E-01 0.000000000000E+00 0.000000000000E+00 0.657478272915E-01 0.613448917866E-01 0.613448917866E-01 0.000000000000E+00
0.000000000000E+00 0.000000000000E+00 0.613448917866E-01 0.657478272915E-01 0.684684589505E-01 0.000000000000E+00 0.903446748853E-01 0.613448917866E-01 0.000000000000E+00 0.704667791724E-01 0.000000000000E+00 0.000000000000E+00 0.720568746328E-01 0.000000000000E+00 0.684684589505E-01 0.000000000000E+00 0.000000000000E+00 0.814372897148E-01 0.867547839880E-01 0.684684589505E-01 0.835642814636E-01 0.957697331905E-01 0.779682323337E-01 0.000000000000E+00 0.613448917866E-01 0.616150498390E+00 0.000000000000E+00 0.657478272915E-01 0.657478272915E-01 0.720568746328E-01 0.755244195461E-01 0.000000000000E+00 0.000000000000E+00 0.000000000000E+00 0.657478272915E-01 0.000000000000E+00 0.000000000000E+00 0.745226368308E-01 0.684684589505E-01 0.657478272915E-01 0.613448917866E-01 0.657478272915E-01 0.613448917866E-01
0.000000000000E+00 0.000000000000E+00 0.000000000000E+00 0.613448917866E-01 0.613448917866E-01 0.657478272915E-01 0.939516201615E-01 0.613448917866E-01 0.613448917866E-01 0.745226368308E-01 0.613448917866E-01 0.899609848857E-01 0.755244195461E-01 0.613448917866E-01 0.814372897148E-01 0.613448917866E-01 0.870221480727E-01 0.846393704414E-01 0.870221480727E-01 0.704667791724E-01 0.839365646243E-01 0.958805158734E-01 0.792816653848E-01 0.000000000000E+00 0.000000000000E+00 0.616322994232E+00 0.613448917866E-01 0.684684589505E-01 0.684684589505E-01 0.000000000000E+00 0.000000000000E+00 0.720568746328E-01 0.000000000000E+00 0.000000000000E+00 0.000000000000E+00 0.000000000000E+00 0.000000000000E+00 0.000000000000E+00 0.613448917866E-01 0.000000000000E+00 0.000000000000E+00 0.000000000000E+00 0.619411587715E+00
0.000000000000E+00 0.000000000000E+00 0.000000000000E+00 0.755244195461E-01 0.000000000000E+00 0.613448917866E-01 0.000000000000E+00 0.000000000000E+00 0.000000000000E+00 0.000000000000E+00 0.657478272915E-01 0.901546627283E-01 0.764192342758E-01 0.657478272915E-01 0.819041058421E-01 0.657478272915E-01 0.000000000000E+00 0.849719867110E-01 0.872823297977E-01 0.720568746328E-01 0.842945575714E-01 0.959901586175E-01 0.000000000000E+00 0.684684589505E-01 0.613448917866E-01 0.616380453110E+00 0.657478272915E-01 0.000000000000E+00 0.000000000000E+00 0.827716141939E-01 0.613448917866E-01 0.000000000000E+00 0.000000000000E+00 0.000000000000E+00 0.103338040411E+00 0.000000000000E+00 0.613448917866E-01 0.613448917866E-01 0.704667791724E-01 0.000000000000E+00 0.000000000000E+00 0.613448917866E-01 0.613448917866E-01
0.613448917866E-01 0.000000000000E+00 0.720568746328E-01 0.000000000000E+00 0.613448917866E-01 0.000000000000E+00 0.000000000000E+00 0.000000000000E+00 0.684684589505E-01 0.684684589505E-01 0.779682323337E-01 0.000000000000E+00 0.000000000000E+00 0.000000000000E+00 0.000000000000E+00 0.000000000000E+00 0.613448917866E-01 0.925361439586E-01 0.875357016921E-01 0.000000000000E+00 0.000000000000E+00 0.976071804762E-01 0.000000000000E+00 0.000000000000E+00 0.657478272915E-01 0.000000000000E+00 0.928351581097E-01 0.917481333017E-01 0.846393704414E-01 0.842945575714E-01 0.819041058421E-01 0.792816653848E-01 0.772286430001E-01 0.613448917866E-01 0.103560514748E+00 0.613448917866E-01 0.657478272915E-01 0.657478272915E-01 0.745226368308E-01 0.000000000000E+00 0.613448917866E-01 0.000000000000E+00 0.720568746328E-01
0.000000000000E+00 0.613448917866E-01 0.704667791724E-01 0.720568746328E-01 0.831764414907E-01 0.613448917866E-01 0.000000000000E+00 0.657478272915E-01 0.947169065475E-01 0.000000000000E+00 0.786496028304E-01 0.613448917866E-01 0.905311480165E-01 0.779682323337E-01 0.704667791724E-01 0.827716141939E-01 0.720568746328E-01 0.926867350936E-01 0.891463086009E-01 0.000000000000E+00 0.000000000000E+00 0.977932810783E-01 0.720568746328E-01 0.613448917866E-01 0.000000000000E+00 0.613448917866E-01 0.000000000000E+00 0.613448917866E-01 0.000000000000E+00 0.657478272915E-01 0.000000000000E+00 0.684684589505E-01 0.657478272915E-01 0.613448917866E-01 0.103615470231E+00 0.613448917866E-01 0.684684589505E-01 0.684684589505E-01 0.620176076889E+00 0.764192342758E-01 0.755244195461E-01 0.613448917866E-01 0.000000000000E+00
