sim0/prepro/dtm_Kc.txt
north:     0
south:           0.00000000
east:      0
west:            0.00000000
rows:    246
cols:    130
[rows 18 to 35 of 246, columns 80 to 119 of 130]
-4.6334641916139091E-003 1.5946489247985602E-002 2.1412729284554645E-003 -6.1075563543394737E-003 -3.7545209950580550E-003 6.0083437600073498E-003 1.5579831831278420E-002 9.8318121744815166E-003 -7.0036897978349019E-003 -9.7155041703196761E-004 2.1496867329865398E-002 2.7863420127846431E-002 4.5983427811354180E-004 -1.8921631693825915E-002 -1.5841928623422576E-002 9.2375718048978775E-003 7.8690428603161167E-003 -5.3601381040576804E-003 1.0428741644480681E-002 1.5685692538372733E-002 6.2796035039399184E-003 1.8051990407359419E-003 -2.0641776382170291E-003 1.6859736701646390E-002 3.1109086445603160E-003 2.7441228965808792E-002 3.5513309622864822E-002 -7.2686063406099746E-003 -6.6241385576703213E-003 4.9371331855595391E-002 1.3606198940629784E-003 -3.1448824027438496E-002 2.7057072763331580E-002 1.3460420210557187E-002 -9999.0000000000000 -9999.0000000000000 -9999.0000000000000 -9999.0000000000000 -9999.0000000000000 -9999.0000000000000
-1.4242187375069205E-002 1.1166857517829715E-002 -1.4443339240717854E-003 1.0738199541864373E-003 -2.2357787038241445E-002 -1.2146259961529448E-002 1.2067568228907234E-002 1.0398066423518194E-002 -6.2301504322266679E-003 -1.1282949511166079E-002 2.5910918015702333E-002 1.6550499843178485E-002 -2.1007181514535400E-002 -1.6889218838808055E-002 -1.5596523587667600E-002 5.3819264409653315E-003 3.5133293707072040E-003 1.6475076515362039E-004 9.1137416886855529E-003 1.4457107201325453E-002 5.8795593919493527E-003 1.2184078589031295E-002 -2.3782178112603743E-002 -1.3618460711545138E-002 -2.2107146255013345E-002 -6.8259185367159714E-003 -1.1620127749299051E-002 -2.9792729085839905E-002 -1.4326876123572526E-003 -1.4068467502170135E-002 -4.2870524942355291E-002 -1.2125921904205346E-002 5.4416822196615682E-003 -2.4683169139967265E-002 -9999.0000000000000 -9999.0000000000000 -9999.0000000000000 -9999.0000000000000 -9999.0000000000000 -9999.0000000000000
-1.1412724639072069E-002 1.5306908513189265E-002 -4.8033111305465122E-003 6.1206436308639334E-003 -8.9139873289326692E-003 -3.9872509356829915E-003 1.9353518468680619E-002 1.4507220350086704E-002 -4.2304935731244967E-003 -5.0817637151418004E-004 2.0501718858472847E-002 2.2879874186421817E-002 -1.1650030338553276E-002 -1.0229520050767047E-002 -9.5069544026181087E-003 4.1970908776824281E-003 -3.3094391880531004E-003 1.5251034238314490E-002 -6.2471084343625151E-003 5.5748341719412196E-002 1.1922605358157817E-002 2.1474975460854816E-002 -3.2167356248499275E-003 1.7832927789219792E-002 4.8699856091603310E-003 1.3881189862318826E-002 -3.8778884168088725E-003 -9.0675826222031616E-003 1.3688220629121964E-002 -3.5062936265129227E-002 5.1138043708246629E-002 -4.9924517503982038E-003 2.1319469769288401E-002 -4.3469616314941728E-003 -9999.0000000000000 -9999.0000000000000 -9999.0000000000000 -9999.0000000000000 -9999.0000000000000 -9999.0000000000000
-1.0581828626242845E-002 5.0212078369579255E-003 -5.0257082947579301E-003 4.4838407416460373E-003 -1.2265554069621491E-002 -1.8010097981050823E-002 4.1341950770683337E-003 6.4856830138804913E-003 -2.5974905902065656E-004 -2.4496480308454091E-003 2.1344646545065904E-002 9.3949813474863454E-003 -1.9442451735581037E-002 -9.0730949284051569E-003 -8.5852271822838052E-003 3.2762962581207710E-003 -4.0158520780449137E-003 -5.4276679166835552E-004 3.1590361712680773E-002 2.3433446087480791E-003 -2.4122057580760078E-002 4.2362212895293092E-004 -3.2537656659557893E-002 1.2173876664553293E-002 -3.3905997200083964E-002 -2.4163576173311789E-003 -1.3801539694256586E-002 -1.7365077506563364E-002 -2.6480710184221355E-003 -3.9331464797029720E-003 -1.5986280647624571E-002 -3.9574839298721166E-002 1.8338442916558714E-003 -1.4855365563985473E-002 -7.2740111564635786E-003 -9999.0000000000000 -9999.0000000000000 -9999.0000000000000 -9999.0000000000000 -9999.0000000000000
-3.8351972439482130E-003 -8.0293691536605430E-004 2.6698692427685401E-003 7.5936753973737184E-003 -5.0354148938896309E-003 -7.3686132850748990E-003 1.3563716950831885E-002 5.2008372703709520E-003 9.5779027953648618E-003 4.1419884344349534E-004 2.0549379190750481E-002 1.4857228915024730E-002 -1.1780236444154825E-002 -4.8703839539677102E-003 -3.2129789385307566E-003 -5.7636874156855261E-004 -9.3518368951535640E-004 1.7391812801733325E-003 3.8437435798155443E-002 2.4227702934722779E-002 8.3055076612227868E-003 2.3553092064204632E-002 1.2253975891475971E-003 1.9283579745234185E-002 -2.4494299092003628E-002 2.0905583936908310E-002 5.2327106793821467E-003 -1.9085394707081598E-003 7.0824119129099953E-003 9.1560262632219801E-003 -1.8424163194789467E-003 1.8794818967515049E-002 1.2467163840612430E-002 3.4834498412953600E-002 -1.2789895606898118E-002 -9999.0000000000000 -9999.0000000000000 -9999.0000000000000 -9999.0000000000000 -9999.0000000000000
-8.8141581591409043E-003 1.3981167504299144E-003 -8.8881456026533526E-003 6.1841258011650791E-003 -9.0498069396381942E-003 -1.2621808118767487E-002 2.9482513055198376E-003 -9.0068726349617784E-003 7.2074803455719786E-003 -1.2005963236710355E-003 2.0729108702055146E-002 7.4463026743239180E-003 -1.6399058659822979E-002 -4.0102949319828904E-003 -2.5461401767227104E-003 -6.2501889749081829E-004 2.0051408901646784E-003 1.9147827076844938E-003 3.4222704805473701E-002 3.1195155804077277E-003 -1.3375568787954794E-002 -8.7367969743607065E-003 -3.3936180901369573E-002 -5.3679875815041377E-003 -3.1172341452681517E-002 8.5074395567034059E-003 -7.6391662900197228E-003 -3.0261265793787448E-002 1.7664327166143898E-002 -7.6720541776348558E-003 -7.0759205192051709E-004 -5.9552563655001431E-003 -9.3698917462879637E-003 -2.1191569722779632E-002 -2.2055917942318023E-002 -9999.0000000000000 -9999.0000000000000 -9999.0000000000000 -9999.0000000000000 -9999.0000000000000
-7.0724135276183939E-003 6.7204532185425299E-003 -9.3259312640909878E-003 4.3590477189771951E-003 -2.4455194638949161E-003 -6.3221721670439950E-003 6.3727179024066867E-003 -5.8368705746898201E-003 5.8286649742100823E-003 9.9027865049358893E-004 1.2823448513274494E-002 1.1581373806443097E-002 -8.1661527566801503E-003 -1.9890080894385659E-003 -6.0227501144440065E-004 -7.8859073963862534E-004 1.0867940221053380E-002 8.5614835685169453E-003 2.9227879795597458E-002 -4.0898994418079340E-004 -2.0491709891780584E-002 -6.4787713163144064E-003 -4.5633291582341425E-003 6.3332111340520230E-003 -1.4315642943962788E-002 1.0421737889809862E-002 -2.9258120795542645E-003 -8.7906894299780523E-003 2.7085652691208825E-002 -5.6119053950210119E-003 3.1461194087858205E-002 4.0243713055700056E-003 1.7609657979973329E-002 2.8801645438321938E-002 -5.1714557527616284E-003 1.1604865327502756E-002 -9999.0000000000000 -9999.0000000000000 -9999.0000000000000 -9999.0000000000000
-8.7464041104323830E-003 4.8898899045696905E-003 -4.5456061691353583E-003 3.1370591600326683E-003 4.5499771126803954E-004 4.8200910030395862E-003 7.0460396709733121E-003 -6.7977725153506212E-003 2.0911237016824021E-002 -2.5382816347358270E-002 2.4339453067024945E-002 2.0141622968899275E-002 5.7316965088873677E-003 -4.6707435867420436E-003 7.7875178445331525E-003 5.8654245385336614E-003 4.0346039311144506E-002 1.6046935442800010E-002 9.7587685875591447E-003 1.2104020648047054E-002 -1.0686929554033914E-002 3.5255452406936526E-002 -5.9348413495919673E-004 1.0385143705161626E-002 -2.4713118388851023E-003 1.9568678687554353E-002 2.1683855366795169E-002 3.7366688749076397E-003 4.0849222494603724E-002 2.1619951976146697E-002 2.8374875606388964E-002 1.6426280415491778E-002 1.4625441764341777E-002 5.2859728540798007E-003 9.8732242149879787E-003 3.1662192580156727E-002 -4.6497434229950048E-004 -9999.0000000000000 -9999.0000000000000 -9999.0000000000000
-7.0847719593125592E-003 1.0906878663869931E-003 -9.0593324456862169E-003 -2.6409640955976196E-003 -1.9338423930156747E-002 5.8085343589062170E-003 3.8277149872105376E-003 -1.3731567804167412E-002 5.4041499989657037E-002 -7.6876390585942672E-002 1.6613678026933022E-002 5.3392416250242205E-003 2.3564051271146486E-002 -6.2274564521574939E-003 3.5514771382889804E-002 7.6064942172929015E-002 -4.0819656846092733E-002 -1.3524440612254123E-002 6.7701710891502976E-003 9.0873894922635916E-004 -3.1503161754891221E-002 -7.8763974899820847E-003 -1.7300253726987555E-002 1.1125287210252824E-003 -2.3064308176443206E-002 4.2789941270331773E-004 -1.1890444814273171E-002 -2.1523321449106347E-002 4.6120393846166147E-003 -6.7727218926500795E-003 -1.9455445187147025E-003 -1.1373372816689048E-002 -1.4684959982352627E-002 -7.5696272547207026E-003 1.9646978430556228E-003 3.0291731073028877E-002 -3.4846428114667947E-002 -9999.0000000000000 -9999.0000000000000 -9999.0000000000000
-5.3030269537761307E-003 -5.0276532795310235E-004 -5.7459767202222480E-003 4.1321534776778447E-003 1.4716893405805655E-003 -1.4479595215417473E-002 3.3555508345604251E-002 2.1883821522094438E-002 -1.2199098453373851E-002 -2.8310015992232703E-002 3.3247427199486541E-002 5.2763039853220541E-002 -2.0895914379004819E-002 1.0806553860113541E-002 3.7975668704510995E-002 -0.15383065023404777 9.8841802024552658E-002 -4.6894529131030560E-003 3.8411443579302838E-002 -2.2468488593308945E-004 -2.8575638085280821E-002 4.0200829865120080E-002 -6.1434795336939617E-003 8.6550681072429404E-003 -5.4466936674402149E-003 2.8320290285671089E-002 1.8034664980675491E-002 1.5065069462809985E-002 3.3294063089941289E-002 1.0176490340481991E-002 5.5002928519107186E-003 -9.0355323599953987E-003 2.2288221758688869E-002 2.5615484549831501E-002 -0.12314366710637775 5.0071627121049976E-002 1.6061558544832863E-002 2.7101204298534604E-003 -9999.0000000000000 -9999.0000000000000
1.1896135859366162E-003 -5.4740768327460566E-003 -1.3234257196354576E-002 1.1821680934980674E-002 4.2788088861644834E-002 -6.7750493245838789E-002 -7.6334763410403933E-002 -8.3147574872232996E-002 3.1019826534958488E-002 -2.0340413695407684E-002 -1.8398061584129120E-002 3.2820535905753720E-002 -3.6095485455273808E-002 0.13836481112117766 -2.9369464197366558E-002 -1.4661192164834125E-002 1.3007490066432982E-002 -2.3163850836923046E-003 -8.7962945881820166E-003 -2.7080588520886795E-002 -6.3925131179358380E-003 2.4608564925776067E-003 -1.4289789076333461E-002 7.9999130897947524E-003 -4.4409068326590039E-003 4.5484253768239861E-003 -8.0878525959480353E-003 -4.0519716845715753E-003 -4.9127877902256818E-003 -2.0216750606118779E-002 -1.7625787280074353E-002 -2.5939223153719722E-002 5.0733988970336321E-003 -1.3367979135365922E-002 -3.8173549551518554E-002 -4.2652638843623893E-002 6.9359995940877842E-002 4.5528305055535838E-002 -9999.0000000000000 -9999.0000000000000
1.1230535994187197E-003 -2.8126647807323788E-003 -1.7633851589742996E-003 3.3205872341496384E-002 -5.0913448682210890E-003 -1.5210860250577026E-002 -3.2879229857565612E-004 -4.6443172576422567E-002 -9.7805142640133486E-005 5.7371307539742251E-003 3.3915460419127505E-002 3.9281044336815667E-002 6.5086293710765811E-002 -0.23715830502726629 7.6513597095610453E-002 -3.9178949424057155E-002 6.6176890208941158E-002 2.6185473272956557E-002 3.7362390647993245E-002 1.8772012129722866E-002 7.0546281030414394E-003 3.6038389844356325E-002 -2.8408945085753007E-002 4.1111307885951590E-002 -3.0864474133575123E-003 1.5605758437432586E-002 2.2788316814955852E-002 4.5296606481047275E-003 7.2797372763316768E-003 -9.5595471785079739E-003 1.2405897742249573E-002 -3.8099386106185047E-003 1.7855249855875437E-002 -1.5574947390842291E-002 -3.2154082060319458E-002 -6.1360748895821484E-003 -2.5596196450411984E-003 6.6523272589739765E-002 -1.9321087652616781E-002 -9999.0000000000000
1.7412128711144920E-002 -2.2045425458902181E-002 2.3014521859753154E-002 -5.1230415174874394E-002 0.11139384926530940 -8.9905603098465334E-002 3.3714283297117287E-002 -9.9252351391197289E-003 -2.6407937204364566E-002 7.6713592149516294E-003 -1.0525151134649708E-002 0.13217823097968032 1.5216818587544277E-002 -1.7901886197981887E-002 -0.19396691623762422 6.5850824962456825E-002 1.8658324316474250E-002 -3.4274217523066107E-002 -9.1325075321093234E-003 -3.9122819554987087E-002 7.0457171844798064E-003 -2.3554576834824554E-002 -2.2210328407981862E-003 2.3234579157335668E-003 -4.4128323463299944E-002 2.4628172162978749E-002 5.5123770811173999E-003 -1.0581076232002055E-002 -1.5275454914377401E-003 3.5277719017676799E-003 1.7698784019132524E-002 3.0214401536660884E-002 -4.4196234455966699E-003 -2.3629255721299428E-002 -7.7388494973373481E-002 0.10218859122901160 -6.1950354235146714E-002 1.8425527547186210E-002 1.8857146518374109E-002 -9999.0000000000000
2.2017031069171678E-002 -1.4505659528095538E-002 9.9034963097024038E-003 3.5209024113615696E-003 -7.3116310474834773E-002 -1.1775077055661559E-002 -2.3155366633171557E-002 4.2738162796028857E-002 5.8917664583182219E-002 -2.1815449310504224E-002 9.5697839635129789E-002 1.5973000296508926E-002 -1.2768165263036115E-002 -4.9027391640033960E-002 -2.7017469675404374E-002 3.0973484983581528E-002 3.7960811903893492E-002 -1.8746836623846110E-002 1.5748410865796252E-002 2.3533090338308065E-002 7.9087772724303444E-003 5.6039983422097239E-003 -2.1168299671158557E-002 -1.0019471299729797E-002 1.6860105040413364E-002 3.0654966595744289E-002 -2.5629239019476016E-003 2.7254709287859193E-002 3.3062874786986482E-002 2.7529833012228937E-002 2.5009914557416729E-002 1.4132980200158329E-002 2.3448878612279841E-002 -4.5534115872629573E-002 4.4811544406795439E-002 5.6968626837162598E-002 -1.1157288434926351E-002 -2.7465353589044540E-002 -3.5435475716977360E-002 -9999.0000000000000
-1.7830244864605313E-002 -1.4459137354903159E-002 2.3226812413064960E-002 -1.0123351954084654E-002 7.2414811096595784E-003 -6.1211498011902378E-002 1.1585092410101036E-002 -1.5417954043697939E-002 0.15960123368818604 -4.8596663000538110E-002 6.1074180244787356E-002 4.8593211892634269E-002 -2.5053208123587405E-002 1.5090988380859829E-002 4.1637009705998394E-003 3.2866287787719710E-002 4.9135632919267466E-002 -1.0253974680244650E-002 2.0099349920318515E-002 9.5193057079270924E-003 -9.5654131675707594E-003 -6.9978856346806769E-004 1.2725898531239462E-002 4.3575994421032584E-002 2.2444339310822656E-003 -8.7630205191056127E-004 1.9053939940233130E-002 -1.3189900510519011E-003 -7.5657364642338042E-003 -1.3941338897726245E-002 -1.6526758810689948E-002 -2.8299832043572396E-002 -2.3091938507763258E-002 3.5556946240425019E-002 3.7062700238397086E-003 -6.8679439450622007E-002 1.0367594525519948E-002 -3.7829924290109243E-002 -0.10502134922315517 1.6878003362881769E-002
-1.1597204415340029E-003 -3.8661321357847091E-002 2.8611554175896867E-002 -1.8124615365671531E-002 -2.8682135465977437E-003 -1.4141822207179069E-002 -1.8981861105185260E-003 -2.6125075997116186E-002 1.7447909055091988E-002 -4.4349421500904609E-002 1.8392978567810934E-002 0.15983631857717531 -0.16079405630138072 1.7184782609899991E-002 2.3276377224816416E-002 1.7570284176062875E-002 -4.2547810618422943E-002 -3.0835238936502019E-002 2.7157427848788162E-003 -1.7699571622474312E-002 -5.5854567679804804E-002 2.2389232360926863E-002 -2.7548481688813284E-002 -1.0520493408324829E-002 -2.6465710740417089E-002 1.8540447476760424E-002 -8.4453496775644833E-003 -1.7146750577990807E-002 -1.4440878227789567E-002 -1.8822995238653537E-002 -1.4186132480273630E-002 -1.2671902622594079E-002 -2.3102283416933755E-003 3.4761127260787828E-004 -6.5013535657760316E-002 1.0379752024997125E-002 -2.9225002554596046E-002 3.9845205900223071E-003 -5.8906001922466332E-002 -2.9781767255263058E-002
-3.5144479053421393E-003 -2.3934743439310138E-002 1.2117797356126392E-002 3.8212814653610760E-002 -0.10740854065299153 6.6109907745148536E-002 -2.4113377409481954E-002 1.5228101300311936E-002 7.4510880279211687E-003 5.1370369686163646E-002 -2.1311531998132332E-002 -0.13004377682066559 4.9123306463642880E-002 4.8215561282121060E-002 1.3334529298616192E-002 1.1347077611508469E-002 3.0009242334567567E-002 -1.0359821545508156E-002 3.4212372818965164E-002 7.7288816801008957E-004 -1.3549352837462931E-002 1.5475465629106582E-002 -4.7621040504710662E-003 3.6410902201413506E-002 2.5778201063807009E-002 1.5809218869625954E-002 4.1288468365373136E-003 1.1894339007901791E-002 1.7724232308792200E-002 1.4657490487911925E-002 1.8924606909538736E-002 1.4357143503932589E-002 1.0735416463729532E-002 4.0317062857691335E-003 1.0780130444095785E-002 4.4329664522898014E-002 -5.9347710025276890E-002 1.5627478386652693E-002 -2.3327662316406810E-003 5.5054652975127603E-003
2.2378501419302284E-003 -2.5425750537387642E-002 0.10696169925577015 6.5266530689290378E-002 6.5842616950057650E-002 1.5620050246477068E-002 3.0617027879601116E-002 1.4387845158331670E-002 -3.0210075277476104E-003 2.1762594146581042E-002 2.6519992839944526E-002 -0.16634203049023352 -1.2766757819686083E-002 -1.3924120077349219E-002 2.3781544768619354E-002 4.4569574928995867E-003 1.4269553505332093E-002 -3.1028058428508903E-002 1.7828230077315266E-002 -1.8170141479349294E-002 -2.0344173430419644E-002 1.2839832776427232E-002 -3.7626562668577061E-003 1.1262190492957165E-002 -2.3147392002078424E-002 -2.5076011776457355E-002 -2.7934563874994281E-002 -3.5076667202185316E-002 1.9217701603172308E-003 1.3944301087659319E-003 6.2032455322011307E-002 4.5309794949244926E-002 2.3936457427772038E-002 4.2360652371500086E-003 8.9873170108062100E-003 -2.9838330228112300E-002 -3.9286471348314686E-002 7.5863969512314803E-003 -1.9891444657000445E-002 2.7673250684660176E-002
