sim0/prepro/dtm_Kc.txt
north:     0
south:           0.00000000
east:      0
west:            0.00000000
rows:    246
cols:    130
[rows 162 to 179 of 246, columns 40 to 79 of 130]
-2.6982132984497153E-002 -2.7465200470709817E-002 2.4728428789721323E-002 -3.0267800455486150E-004 2.0452531330258334E-002 -5.0462947646036184E-002 3.4085544975100044E-003 -2.5690211333882478E-002 -3.0716239880581264E-002 -4.9876124939159036E-002 -1.3372657233562102E-002 -4.8473805717577881E-002 1.1223371377592828E-002 -2.4958685961457134E-002 1.3438132484096983E-002 -1.1953017006074701E-002 -5.6723868127888707E-003 -5.3023397998693676E-002 3.7590996902406859E-002 1.7182993628157655E-002 -8.1172508543551469E-004 0.14518255683020595 2.9204497210072185E-002 -9.1097196619834980E-003 -2.3765832800165053E-002 1.0126027664909996E-002 -9999.0000000000000 -9999.0000000000000 -9999.0000000000000 -9999.0000000000000 -9999.0000000000000 -9999.0000000000000 -9999.0000000000000 -9999.0000000000000 -9999.0000000000000 -9999.0000000000000 -9999.0000000000000 -9999.0000000000000 -9999.0000000000000 -9999.0000000000000
3.6746036169522101E-002 -0.12395071452461712 6.2686263307520050E-003 0.10104669577911020 8.2351289305520540E-004 8.3665671559771004E-002 7.5426004741445743E-002 1.1021846577616904E-002 -2.9909146446813447E-003 -1.7343429299408332E-002 -2.0428624735678004E-002 -9.5706200697600382E-003 -3.5238724945153170E-002 -2.9566398559590115E-002 6.3181835535330759E-003 -2.1670799588940179E-002 1.4076824339567610E-002 -3.0690412391192197E-002 1.1444842502372803E-002 -1.0758659333936597E-002 -5.4750400682197081E-002 -7.6900012950950032E-003 -2.0893845350278481E-002 0.14338593997697441 1.3355814659360808E-002 6.3613536339541675E-004 -9999.0000000000000 -9999.0000000000000 -9999.0000000000000 -9999.0000000000000 -9999.0000000000000 -9999.0000000000000 -9999.0000000000000 -9999.0000000000000 -9999.0000000000000 -9999.0000000000000 -9999.0000000000000 -9999.0000000000000 -9999.0000000000000 -9999.0000000000000
2.4413560168983633E-002 -3.1911886646452586E-002 -8.8803492832812844E-002 0.22827266682489061 -1.5745967539511851E-002 -5.8447764217275912E-002 -1.3621777654986877E-002 0.10976488635169555 2.4571874309076296E-002 2.7676499251037767E-002 6.5945369740384105E-003 -2.2012766492938693E-002 -3.7038281455502635E-002 -6.0311467480488108E-002 -4.2222814247255261E-003 6.1456156039084034E-003 -4.1995719471473415E-003 -5.0964637411895193E-003 -1.0265050964563861E-002 4.3964998526808269E-002 3.6650364812394601E-002 -2.6396026790395176E-002 1.9285164110188892E-003 -3.5525158441734222E-003 0.10245743472679926 4.3860774717224632E-002 -9999.0000000000000 -9999.0000000000000 -9999.0000000000000 -9999.0000000000000 -9999.0000000000000 -9999.0000000000000 -9999.0000000000000 -9999.0000000000000 -9999.0000000000000 -9999.0000000000000 -9999.0000000000000 -9999.0000000000000 -9999.0000000000000 -9999.0000000000000
3.4181767724717170E-002 -6.8490021300136490E-003 -1.5675162528058666E-002 4.5508087960192241E-002 -1.1214964712402782E-002 -1.3891805050090572E-002 -8.7602724147058858E-002 2.6781484380057504E-002 8.8325990472359131E-003 8.9000172336979141E-002 3.4374656469657962E-002 -5.2880336994350959E-003 3.7749867037136169E-002 -8.8764172457970018E-003 -5.3672753748400345E-002 -2.9939137662103973E-002 9.8713519825750578E-004 -3.1712863482404922E-002 -2.0803797732196996E-002 5.2217295988649399E-003 8.6714754399071191E-003 1.4905575406225469E-003 -3.0082553689136420E-002 1.5764028073443986E-002 -6.9938032116187484E-003 -9999.0000000000000 -9999.0000000000000 -9999.0000000000000 -9999.0000000000000 -9999.0000000000000 -9999.0000000000000 -9999.0000000000000 -9999.0000000000000 -9999.0000000000000 -9999.0000000000000 -9999.0000000000000 -9999.0000000000000 -9999.0000000000000 -9999.0000000000000 -9999.0000000000000
-5.2520476814606641E-003 -4.6516703104667548E-004 0.12371744037771065 -1.0768918537253013E-002 -7.1176955895660716E-003 -4.4308690083892294E-002 -3.2648822584473935E-002 -0.16077934844877823 3.3228228611416714E-003 1.9432724144962957E-002 3.3317223239340894E-002 6.5008946429869957E-002 4.6631591400052269E-002 4.6430668969264295E-002 1.7173244496390107E-002 -1.8485470781030161E-002 1.2359945255313011E-002 1.2489336635394591E-002 -1.9838384820016708E-002 -1.8075682146608894E-002 2.3631113830892222E-002 -5.8340846977809968E-003 -2.3333791440838386E-002 -9999.0000000000000 -9999.0000000000000 -9999.0000000000000 -9999.0000000000000 -9999.0000000000000 -9999.0000000000000 -9999.0000000000000 -9999.0000000000000 -9999.0000000000000 -9999.0000000000000 -9999.0000000000000 -9999.0000000000000 -9999.0000000000000 -9999.0000000000000 -9999.0000000000000 -9999.0000000000000 -9999.0000000000000
9.7494691181577910E-003 9.8482144164940916E-002 2.3533271912333016E-002 -2.9139464864820041E-003 -2.6855566345681529E-002 3.3379880928884616E-002 1.3977780720445547E-002 1.8742969092131415E-002 -5.9938648060772065E-002 -1.7308722407663395E-002 -6.6561739127882422E-003 -1.1046939017838136E-002 -2.0225189080292822E-002 -1.2240354132018240E-002 1.8929067389665197E-002 -4.4690520775186586E-002 -4.8150086689893699E-003 -2.4257051837385756E-002 -2.8921239196694405E-002 -3.3476457412943299E-002 -3.1738788462708084E-002 -9999.0000000000000 -9999.0000000000000 -9999.0000000000000 -9999.0000000000000 -9999.0000000000000 -9999.0000000000000 -9999.0000000000000 -9999.0000000000000 -9999.0000000000000 -9999.0000000000000 -9999.0000000000000 -9999.0000000000000 -9999.0000000000000 -9999.0000000000000 -9999.0000000000000 -9999.0000000000000 -9999.0000000000000 -9999.0000000000000 -9999.0000000000000
-2.4069947841322110E-002 4.0035434878784616E-002 4.7692683753425445E-003 1.9840703532089523E-002 5.1762182797321400E-002 1.4714463794861054E-002 1.3517189153452925E-002 1.4038886133570056E-002 9.1074320708420878E-003 -1.0772617500861779E-002 -2.9124421133945194E-003 -6.1833975072802961E-003 4.0190992662958447E-002 -2.5938019028738810E-002 -2.4127946980590974E-002 -1.7938483032290602E-002 -3.5669191948849571E-002 -6.5614140446088884E-003 -4.0866189299439267E-003 1.6943953283802542E-002 -9999.0000000000000 -9999.0000000000000 -9999.0000000000000 -9999.0000000000000 -9999.0000000000000 -9999.0000000000000 -9999.0000000000000 -9999.0000000000000 -9999.0000000000000 -9999.0000000000000 -9999.0000000000000 -9999.0000000000000 -9999.0000000000000 -9999.0000000000000 -9999.0000000000000 -9999.0000000000000 -9999.0000000000000 -9999.0000000000000 -9999.0000000000000 -9999.0000000000000
0.11014779355155151 -3.2796237686237614E-002 -2.5627461053106530E-002 -7.5348640715946269E-002 -0.12137513274259890 -2.2117247861429833E-002 -2.5999080197391413E-002 -3.5123880365381353E-002 -5.6552616758523064E-002 -5.3878754383363398E-002 -8.3543915327370544E-002 -0.12316397869572918 -9.3156426904121820E-002 1.8977256064475020E-002 2.5488591332428874E-002 7.3495905105571385E-002 3.7270710021531990E-002 9.5507806640805141E-004 -6.5867531890001418E-003 -8.9170981203616148E-003 -9999.0000000000000 -9999.0000000000000 -9999.0000000000000 -9999.0000000000000 -9999.0000000000000 -9999.0000000000000 -9999.0000000000000 -9999.0000000000000 -9999.0000000000000 -9999.0000000000000 -9999.0000000000000 -9999.0000000000000 -9999.0000000000000 -9999.0000000000000 -9999.0000000000000 -9999.0000000000000 -9999.0000000000000 -9999.0000000000000 -9999.0000000000000 -9999.0000000000000
0.20113781599990474 1.3760221687967209E-002 4.1993583212170504E-002 7.2222168037927942E-002 0.11422612350205220 5.8837457738107078E-002 -1.5472547296527034E-002 4.9856564645524909E-003 -1.3570701343913225E-002 2.0786609911303024E-002 3.5944514464359124E-002 6.4753616071446793E-002 3.3487530845324395E-002 -4.5879962838091051E-002 -7.3382226268636830E-002 -0.10220926976846925 4.2386967141619970E-002 4.5901623179749017E-003 -1.4548832344204855E-002 -1.6816558714692474E-002 -9999.0000000000000 -9999.0000000000000 -9999.0000000000000 -9999.0000000000000 -9999.0000000000000 -9999.0000000000000 -9999.0000000000000 -9999.0000000000000 -9999.0000000000000 -9999.0000000000000 -9999.0000000000000 -9999.0000000000000 -9999.0000000000000 -9999.0000000000000 -9999.0000000000000 -9999.0000000000000 -9999.0000000000000 -9999.0000000000000 -9999.0000000000000 -9999.0000000000000
6.9548559662592477E-002 -1.9534329924474517E-002 -3.8010560369576243E-002 -1.9297932873005835E-002 -5.1577780355488587E-002 1.1453830723905198E-002 8.8661174809780613E-002 9.5162251286357052E-002 4.1828922916903190E-002 1.0756425678183737E-002 -1.2661759993064521E-002 -6.2623207423161617E-002 -6.0072068871505915E-002 2.8899584954369457E-002 2.8339639256307815E-002 -1.3593979515242837E-002 -5.4987136659120681E-002 -1.0852990876179990E-002 1.3413371813201000E-002 2.5886461787883900E-002 -9999.0000000000000 -9999.0000000000000 -9999.0000000000000 -9999.0000000000000 -9999.0000000000000 -9999.0000000000000 -9999.0000000000000 -9999.0000000000000 -9999.0000000000000 -9999.0000000000000 -9999.0000000000000 -9999.0000000000000 -9999.0000000000000 -9999.0000000000000 -9999.0000000000000 -9999.0000000000000 -9999.0000000000000 -9999.0000000000000 -9999.0000000000000 -9999.0000000000000
6.4215860883098649E-002 1.8240140334073549E-002 1.1523101843920540E-002 -2.8770945805133723E-002 -3.4003185658197814E-002 -5.1881891641744247E-002 -0.11115364321608576 -0.13382518784204445 -9.6797270148504796E-002 2.4939362608235253E-002 2.3861151949682254E-002 6.3442434309536583E-002 7.1974341463016539E-002 3.6793398213701154E-003 4.3206396731892312E-002 5.6446518936095556E-002 4.6690684673340220E-002 4.6620911000284917E-003 6.5524796411060996E-003 1.1533198716596603E-002 -9999.0000000000000 -9999.0000000000000 -9999.0000000000000 -9999.0000000000000 -9999.0000000000000 -9999.0000000000000 -9999.0000000000000 -9999.0000000000000 -9999.0000000000000 -9999.0000000000000 -9999.0000000000000 -9999.0000000000000 -9999.0000000000000 -9999.0000000000000 -9999.0000000000000 -9999.0000000000000 -9999.0000000000000 -9999.0000000000000 -9999.0000000000000 -9999.0000000000000
4.6732033852858734E-002 2.0593275104191996E-002 1.7271858530463504E-002 2.5469198460923742E-002 5.1693333945053238E-002 -3.1615343136459748E-003 -3.6066348617575510E-002 -1.9528633307905368E-002 1.9098078584007212E-002 8.3301928764663899E-002 2.7344906607756340E-002 -5.2142910125856076E-002 -6.8832297845093052E-002 -3.0078020298835991E-002 -5.3659380581571971E-002 -7.1843944213998659E-002 -3.2737497793118964E-002 -1.6317079896295387E-002 -3.6569760548656419E-002 -0.11800055600958093 -9999.0000000000000 -9999.0000000000000 -9999.0000000000000 -9999.0000000000000 -9999.0000000000000 -9999.0000000000000 -9999.0000000000000 -9999.0000000000000 -9999.0000000000000 -9999.0000000000000 -9999.0000000000000 -9999.0000000000000 -9999.0000000000000 -9999.0000000000000 -9999.0000000000000 -9999.0000000000000 -9999.0000000000000 -9999.0000000000000 -9999.0000000000000 -9999.0000000000000
-2.6482997153423545E-004 -4.9868535214943749E-002 -2.1454903186225092E-002 -1.5205639057010749E-002 -0.10551352565997636 -2.5119704243955883E-002 1.4073263571925308E-002 0.11479997579728954 3.3581819426896219E-002 -2.4939866438450080E-002 -9.6354435339981268E-002 4.0579371673277902E-002 5.0754044099635090E-002 2.2704339940614725E-002 1.4161828873566479E-002 1.9458680361920087E-002 -1.8444800104789581E-002 -1.7643714419465346E-002 2.8781909117711592E-002 -5.6513348659685519E-002 -9999.0000000000000 -9999.0000000000000 -9999.0000000000000 -9999.0000000000000 -9999.0000000000000 -9999.0000000000000 -9999.0000000000000 -9999.0000000000000 -9999.0000000000000 -9999.0000000000000 -9999.0000000000000 -9999.0000000000000 -9999.0000000000000 -9999.0000000000000 -9999.0000000000000 -9999.0000000000000 -9999.0000000000000 -9999.0000000000000 -9999.0000000000000 -9999.0000000000000
-0.10826802656073625 -3.0444187036413734E-002 -1.8617164856606489E-002 -4.3928832414859412E-002 -7.0875564495489251E-003 -8.0313238938718619E-003 9.2114295696743856E-002 -4.8253356183887215E-002 -9.6796611287301368E-002 -7.0771247753826216E-003 1.3714200002001454E-002 2.4876713555262425E-003 -1.4771002934307805E-002 8.9081698070004843E-003 3.1403891649160624E-002 -5.5907219573374765E-002 -1.6269402790637138E-002 3.9754442582920817E-002 -3.1262555647831203E-002 1.7560734500245805E-002 -9999.0000000000000 -9999.0000000000000 -9999.0000000000000 -9999.0000000000000 -9999.0000000000000 -9999.0000000000000 -9999.0000000000000 -9999.0000000000000 -9999.0000000000000 -9999.0000000000000 -9999.0000000000000 -9999.0000000000000 -9999.0000000000000 -9999.0000000000000 -9999.0000000000000 -9999.0000000000000 -9999.0000000000000 -9999.0000000000000 -9999.0000000000000 -9999.0000000000000
0.17819826119470808 0.23972503493534109 0.16936347088340736 0.10697407570141243 1.9699944962980862E-002 0.21286555022725470 2.5986000664803627E-002 0.15270887686457785 0.16558033872515382 0.11250506692268677 4.7546110956671141E-002 1.8240098005779880E-002 8.6591349304506651E-003 -2.0049669192581020E-002 -0.11241197753828831 4.8934925268486702E-002 6.4529785560930766E-002 3.6683124446409937E-003 -4.3418194950899811E-002 -9999.0000000000000 -9999.0000000000000 -9999.0000000000000 -9999.0000000000000 -9999.0000000000000 -9999.0000000000000 -9999.0000000000000 -9999.0000000000000 -9999.0000000000000 -9999.0000000000000 -9999.0000000000000 -9999.0000000000000 -9999.0000000000000 -9999.0000000000000 -9999.0000000000000 -9999.0000000000000 -9999.0000000000000 -9999.0000000000000 -9999.0000000000000 -9999.0000000000000 -9999.0000000000000
2.1228902955652473E-003 -2.5809751827441961E-002 4.6429998108324213E-003 -4.4711293058049793E-003 3.8363858404764709E-002 3.9454676117971566E-003 -2.2388879971330881E-002 2.6884525183592922E-002 -2.2912682885144340E-002 2.3265198432410969E-002 3.7851530206456846E-002 -3.7878074369387883E-004 2.9175076402424560E-002 5.6767184310017448E-002 0.12144885427078926 1.3224995453477252E-002 4.0547212828493454E-003 2.5809967887090224E-002 -9999.0000000000000 -9999.0000000000000 -9999.0000000000000 -9999.0000000000000 -9999.0000000000000 -9999.0000000000000 -9999.0000000000000 -9999.0000000000000 -9999.0000000000000 -9999.0000000000000 -9999.0000000000000 -9999.0000000000000 -9999.0000000000000 -9999.0000000000000 -9999.0000000000000 -9999.0000000000000 -9999.0000000000000 -9999.0000000000000 -9999.0000000000000 -9999.0000000000000 -9999.0000000000000 -9999.0000000000000
-2.5127445627802170E-002 -2.9410239511408410E-002 3.1175512247961668E-002 -1.6336876269480965E-002 -2.0691430731745120E-002 2.2901695013853231E-002 -2.0435042198360509E-002 -1.3995468465382131E-002 -3.0962729554476931E-002 -1.5500957718978402E-002 -2.5740687248477775E-002 2.3506552452110370E-002 3.0719881445363056E-002 1.2993578631453533E-003 -1.6540261155358733E-002 2.1563722191233550E-002 2.4445169325340306E-002 5.1282679808624968E-003 -9999.0000000000000 -9999.0000000000000 -9999.0000000000000 -9999.0000000000000 -9999.0000000000000 -9999.0000000000000 -9999.0000000000000 -9999.0000000000000 -9999.0000000000000 -9999.0000000000000 -9999.0000000000000 -9999.0000000000000 -9999.0000000000000 -9999.0000000000000 -9999.0000000000000 -9999.0000000000000 -9999.0000000000000 -9999.0000000000000 -9999.0000000000000 -9999.0000000000000 -9999.0000000000000 -9999.0000000000000
-4.2500265739161998E-002 -0.14732865503649648 -0.15730091116769698 -7.7277372547222264E-002 -5.5494523869547757E-002 -3.0495017462149707E-002 -2.3039112462177654E-002 -1.1104333021761843E-002 -2.7318163550664742E-002 -1.3872239430470355E-002 -1.8708210496644149E-002 -5.4769070611369458E-002 -1.4461565979424296E-002 -2.9535668643781519E-002 -2.8709772327614336E-002 -5.6800095944330574E-002 9.9870768292140855E-003 -9999.0000000000000 -9999.0000000000000 -9999.0000000000000 -9999.0000000000000 -9999.0000000000000 -9999.0000000000000 -9999.0000000000000 -9999.0000000000000 -9999.0000000000000 -9999.0000000000000 -9999.0000000000000 -9999.0000000000000 -9999.0000000000000 -9999.0000000000000 -9999.0000000000000 -9999.0000000000000 -9999.0000000000000 -9999.0000000000000 -9999.0000000000000 -9999.0000000000000 -9999.0000000000000 -9999.0000000000000 -9999.0000000000000
