sim0/prepro/dtm_local_slope_1
north:     0
south:           0.00000000
east:      0
west:            0.00000000
rows:    246
cols:    130
[rows 171 to 189 of 246, columns 0 to 42 of 130]
0.000000000000E+00 0.000000000000E+00 0.000000000000E+00 0.000000000000E+00 0.000000000000E+00 0.000000000000E+00 0.000000000000E+00 0.246496587992E+00 0.321502685547E+00 0.147998049855E+00 0.000000000000E+00 0.000000000000E+00 0.273498535156E+00 0.855041518807E-01 0.000000000000E+00 0.163446038961E+00 0.130950927734E+00 0.120446778834E+00 0.226953119040E+00 0.265948474407E+00 0.000000000000E+00 0.223950192332E+00 0.000000000000E+00 0.000000000000E+00 0.000000000000E+00 0.294995129108E+00 0.000000000000E+00 0.000000000000E+00 0.203503414989E+00 0.000000000000E+00 0.251452624798E+00 0.220446780324E+00 0.182946771383E+00 0.184448242188E+00 0.242950439453E+00 0.000000000000E+00 0.483001708984E+00 0.350946038961E+00 0.000000000000E+00 0.367999255657E+00 0.257952868938E+00 0.619049072266E+00 0.471051037312E+00
0.000000000000E+00 0.000000000000E+00 0.000000000000E+00 0.000000000000E+00 0.000000000000E+00 0.136999517679E+00 0.000000000000E+00 0.000000000000E+00 0.000000000000E+00 0.000000000000E+00 0.351995855570E+00 0.000000000000E+00 0.275500476360E+00 0.166546627879E+00 0.347998052835E+00 0.000000000000E+00 0.110998533666E+00 0.121502682567E+00 0.824951156974E-01 0.000000000000E+00 0.000000000000E+00 0.000000000000E+00 0.000000000000E+00 0.266003429890E+00 0.000000000000E+00 0.230004876852E+00 0.442498773336E+00 0.505004897714E-01 0.000000000000E+00 0.271502673626E+00 0.684997588396E-01 0.669982880354E-01 0.795043930411E-01 0.835021957755E-01 0.100000001490E+00 0.000000000000E+00 0.231945797801E+00 0.000000000000E+00 0.000000000000E+00 0.200451657176E+00 0.000000000000E+00 0.729553222656E+00 0.428997814655E+00
0.000000000000E+00 0.000000000000E+00 0.000000000000E+00 0.000000000000E+00 0.000000000000E+00 0.000000000000E+00 0.000000000000E+00 0.176000982523E+00 0.000000000000E+00 0.180499270558E+00 0.000000000000E+00 0.000000000000E+00 0.344995111227E+00 0.141003414989E+00 0.296002209187E+00 0.144995123148E+00 0.160034187138E-01 0.000000000000E+00 0.000000000000E+00 0.165948480368E+00 0.000000000000E+00 0.128002926707E+00 0.242999270558E+00 0.146997064352E+00 0.266503900290E+00 0.504455566406E-01 0.245495602489E+00 0.920043960214E-01 0.000000000000E+00 0.314001470804E+00 0.000000000000E+00 0.177954107523E+00 0.144445806742E+00 0.156951904297E+00 0.151446536183E+00 0.294952392578E+00 0.000000000000E+00 0.372454822063E+00 0.383447259665E+00 0.000000000000E+00 0.765014663339E-01 0.805548071861E+00 0.326049804688E+00
0.000000000000E+00 0.000000000000E+00 0.000000000000E+00 0.270019527525E-01 0.000000000000E+00 0.000000000000E+00 0.000000000000E+00 0.000000000000E+00 0.298504650593E+00 0.201000973582E+00 0.342498779297E+00 0.165496826172E+00 0.272503674030E+00 0.000000000000E+00 0.330999761820E+00 0.129498288035E+00 0.000000000000E+00 0.116503909230E+00 0.000000000000E+00 0.445007309318E-01 0.222998052835E+00 0.770019516349E-01 0.000000000000E+00 0.000000000000E+00 0.000000000000E+00 0.289501965046E+00 0.331500232220E+00 0.000000000000E+00 0.299005120993E+00 0.199499517679E+00 0.864990204573E-01 0.000000000000E+00 0.619995109737E-01 0.414978042245E-01 0.510009750724E-01 0.000000000000E+00 0.372955322266E+00 0.000000000000E+00 0.890014618635E-01 0.265002429485E+00 0.487048327923E+00 0.000000000000E+00 0.000000000000E+00
0.000000000000E+00 0.000000000000E+00 0.000000000000E+00 0.000000000000E+00 0.590515136719E-01 0.000000000000E+00 0.000000000000E+00 0.000000000000E+00 0.000000000000E+00 0.000000000000E+00 0.000000000000E+00 0.000000000000E+00 0.361004650593E+00 0.160998538136E+00 0.345495611429E+00 0.000000000000E+00 0.000000000000E+00 0.000000000000E+00 0.000000000000E+00 0.130450442433E+00 0.000000000000E+00 0.000000000000E+00 0.000000000000E+00 0.000000000000E+00 0.000000000000E+00 0.000000000000E+00 0.372448742390E+00 0.427447497845E+00 0.388952642679E+00 0.000000000000E+00 0.176953122020E+00 0.173950195312E+00 0.129949957132E+00 0.000000000000E+00 0.000000000000E+00 0.000000000000E+00 0.000000000000E+00 0.255950927734E+00 0.000000000000E+00 0.561553955078E+00 0.639453113079E+00 0.639953613281E+00 0.727502465248E+00
0.000000000000E+00 0.000000000000E+00 0.000000000000E+00 0.000000000000E+00 0.133502200246E+00 0.155499264598E+00 0.211004644632E+00 0.194995120168E+00 0.000000000000E+00 0.000000000000E+00 0.000000000000E+00 0.000000000000E+00 0.616503894329E+00 0.223498538136E+00 0.234002679586E+00 0.226495355368E+00 0.605041496456E-01 0.000000000000E+00 0.158001706004E+00 0.849975571036E-01 0.315997302532E+00 0.206500247121E+00 0.427502453327E+00 0.000000000000E+00 0.000000000000E+00 0.236499026418E+00 0.000000000000E+00 0.000000000000E+00 0.215997308493E+00 0.336499035358E+00 0.123999021947E+00 0.980041474104E-01 0.117504879832E+00 0.000000000000E+00 0.000000000000E+00 0.000000000000E+00 0.242950439453E+00 0.000000000000E+00 0.199053958058E+00 0.158496096730E+00 0.101550295949E+00 0.263549804688E+00 0.934997573495E-01
0.000000000000E+00 0.000000000000E+00 0.000000000000E+00 0.000000000000E+00 0.000000000000E+00 0.101550295949E+00 0.102545164526E+00 0.000000000000E+00 0.000000000000E+00 0.203552246094E+00 0.000000000000E+00 0.290997326374E+00 0.000000000000E+00 0.258502185345E+00 0.320501714945E+00 0.261999517679E+00 0.113000489771E+00 0.197497561574E+00 0.178997799754E+00 0.000000000000E+00 0.392950445414E+00 0.000000000000E+00 0.731994628906E+00 0.304504394531E+00 0.386499017477E+00 0.000000000000E+00 0.000000000000E+00 0.000000000000E+00 0.000000000000E+00 0.248449712992E+00 0.000000000000E+00 0.369946300983E+00 0.413446038961E+00 0.000000000000E+00 0.425952136517E+00 0.369995117188E+00 0.785034149885E-01 0.219000250101E+00 0.000000000000E+00 0.257049560547E+00 0.405499279499E+00 0.000000000000E+00 0.478552252054E+00
0.000000000000E+00 0.000000000000E+00 0.000000000000E+00 0.000000000000E+00 0.000000000000E+00 0.000000000000E+00 0.161999508739E+00 0.175500482321E+00 0.000000000000E+00 0.000000000000E+00 0.000000000000E+00 0.000000000000E+00 0.000000000000E+00 0.000000000000E+00 0.000000000000E+00 0.457495123148E+00 0.165002435446E+00 0.202001959085E+00 0.131500244141E+00 0.000000000000E+00 0.225451663136E+00 0.316955566406E+00 0.600994884968E+00 0.335504144430E+00 0.580499291420E+00 0.000000000000E+00 0.000000000000E+00 0.188000485301E+00 0.191497802734E+00 0.000000000000E+00 0.228997796774E+00 0.000000000000E+00 0.300500482321E+00 0.000000000000E+00 0.364996343851E+00 0.272454828024E+00 0.000000000000E+00 0.625054955482E+00 0.000000000000E+00 0.431500256062E+00 0.000000000000E+00 0.000000000000E+00 0.250500500202E+00
0.000000000000E+00 0.000000000000E+00 0.000000000000E+00 0.000000000000E+00 0.000000000000E+00 0.000000000000E+00 0.000000000000E+00 0.000000000000E+00 0.000000000000E+00 0.000000000000E+00 0.000000000000E+00 0.000000000000E+00 0.000000000000E+00 0.572552502155E+00 0.703997790813E+00 0.678503394127E+00 0.263995349407E+00 0.268005371094E+00 0.874999985099E-01 0.340997308493E+00 0.139501959085E+00 0.000000000000E+00 0.000000000000E+00 0.403552234173E+00 0.699499487877E+00 0.284497082233E+00 0.226501464844E+00 0.994995087385E-01 0.000000000000E+00 0.170501708984E+00 0.101501464844E+00 0.000000000000E+00 0.113452151418E+00 0.000000000000E+00 0.112451173365E+00 0.000000000000E+00 0.232055664062E+00 0.538549780846E+00 0.000000000000E+00 0.580548107624E+00 0.000000000000E+00 0.000000000000E+00 0.437994390726E+00
0.000000000000E+00 0.000000000000E+00 0.000000000000E+00 0.000000000000E+00 0.000000000000E+00 0.000000000000E+00 0.000000000000E+00 0.000000000000E+00 0.102947995067E+00 0.639465302229E-01 0.144000247121E+00 0.784973129630E-01 0.000000000000E+00 0.000000000000E+00 0.754504382610E+00 0.804498314857E+00 0.265997320414E+00 0.359002679586E+00 0.000000000000E+00 0.473004162312E+00 0.000000000000E+00 0.247949212790E+00 0.000000000000E+00 0.000000000000E+00 0.840496838093E+00 0.313000500202E+00 0.000000000000E+00 0.000000000000E+00 0.191998288035E+00 0.150000005960E+00 0.120001219213E+00 0.194000244141E+00 0.000000000000E+00 0.309448242188E+00 0.640014633536E-01 0.000000000000E+00 0.185052484274E+00 0.511047363281E+00 0.149548336864E+00 0.420001208782E+00 0.000000000000E+00 0.653503417969E+00 0.000000000000E+00
0.000000000000E+00 0.000000000000E+00 0.000000000000E+00 0.000000000000E+00 0.000000000000E+00 0.000000000000E+00 0.000000000000E+00 0.000000000000E+00 0.864990204573E-01 0.000000000000E+00 0.102502442896E+00 0.000000000000E+00 0.000000000000E+00 0.000000000000E+00 0.689501941204E+00 0.640997290611E+00 0.311499029398E+00 0.546002209187E+00 0.139001458883E+00 0.365997314453E+00 0.000000000000E+00 0.835021957755E-01 0.239501953125E+00 0.000000000000E+00 0.000000000000E+00 0.000000000000E+00 0.564996361732E+00 0.000000000000E+00 0.879516601562E-01 0.000000000000E+00 0.116949461401E+00 0.204998776317E+00 0.000000000000E+00 0.273498535156E+00 0.121447756886E+00 0.000000000000E+00 0.462548822165E+00 0.000000000000E+00 0.296002209187E+00 0.302001953125E+00 0.321502685547E+00 0.000000000000E+00 0.242553710938E+00
0.000000000000E+00 0.000000000000E+00 0.000000000000E+00 0.000000000000E+00 0.000000000000E+00 0.000000000000E+00 0.000000000000E+00 0.000000000000E+00 0.106451414526E+00 0.116955563426E+00 0.101953126490E+00 0.000000000000E+00 0.441998302937E+00 0.000000000000E+00 0.602001965046E+00 0.613500952721E+00 0.251501470804E+00 0.485498040915E+00 0.221997067332E+00 0.396002203226E+00 0.109002687037E+00 0.000000000000E+00 0.481951892376E+00 0.433453381062E+00 0.000000000000E+00 0.000000000000E+00 0.572497546673E+00 0.000000000000E+00 0.154998779297E+00 0.160003662109E+00 0.000000000000E+00 0.000000000000E+00 0.357000738382E+00 0.321447759867E+00 0.669982880354E-01 0.240496829152E+00 0.000000000000E+00 0.000000000000E+00 0.188446044922E+00 0.000000000000E+00 0.000000000000E+00 0.291552722454E+00 0.272497564554E+00
0.000000000000E+00 0.000000000000E+00 0.000000000000E+00 0.000000000000E+00 0.000000000000E+00 0.000000000000E+00 0.000000000000E+00 0.160034187138E-01 0.330017097294E-01 0.554992668331E-01 0.000000000000E+00 0.000000000000E+00 0.615496814251E+00 0.000000000000E+00 0.651501476765E+00 0.421002209187E+00 0.000000000000E+00 0.436999499798E+00 0.205499261618E+00 0.000000000000E+00 0.175500482321E+00 0.358001708984E+00 0.000000000000E+00 0.212500005960E+00 0.000000000000E+00 0.194952398539E+00 0.448999017477E+00 0.280499279499E+00 0.579528808594E-01 0.000000000000E+00 0.000000000000E+00 0.407501220703E+00 0.110449217260E+00 0.186450198293E+00 0.799499526620E-01 0.126000970602E+00 0.260546863079E+00 0.000000000000E+00 0.780029296875E-01 0.204046636820E+00 0.137548834085E+00 0.419500738382E+00 0.211553961039E+00
0.000000000000E+00 0.000000000000E+00 0.000000000000E+00 0.000000000000E+00 0.000000000000E+00 0.000000000000E+00 0.000000000000E+00 0.000000000000E+00 0.000000000000E+00 0.151446536183E+00 0.000000000000E+00 0.000000000000E+00 0.677001953125E+00 0.000000000000E+00 0.484997570515E+00 0.445001214743E+00 0.000000000000E+00 0.000000000000E+00 0.183996587992E+00 0.363000482321E+00 0.184503167868E+00 0.417498767376E+00 0.000000000000E+00 0.151446536183E+00 0.221453860402E+00 0.000000000000E+00 0.456994622946E+00 0.000000000000E+00 0.000000000000E+00 0.185998529196E+00 0.000000000000E+00 0.358502209187E+00 0.000000000000E+00 0.185449212790E+00 0.820007324219E-01 0.000000000000E+00 0.301550298929E+00 0.392047107220E+00 0.000000000000E+00 0.166546627879E+00 0.130554199219E+00 0.515545666218E+00 0.247003167868E+00
0.000000000000E+00 0.000000000000E+00 0.000000000000E+00 0.000000000000E+00 0.000000000000E+00 0.000000000000E+00 0.000000000000E+00 0.000000000000E+00 0.000000000000E+00 0.000000000000E+00 0.000000000000E+00 0.421997070312E+00 0.516998291016E+00 0.251000970602E+00 0.386999517679E+00 0.429504394531E+00 0.242999270558E+00 0.385998547077E+00 0.000000000000E+00 0.000000000000E+00 0.000000000000E+00 0.000000000000E+00 0.452496349812E+00 0.000000000000E+00 0.201995849609E+00 0.000000000000E+00 0.452996820211E+00 0.000000000000E+00 0.102496340871E+00 0.000000000000E+00 0.000000000000E+00 0.000000000000E+00 0.355450451374E+00 0.258453369141E+00 0.000000000000E+00 0.111047364771E+00 0.360552966595E+00 0.303546130657E+00 0.960021987557E-01 0.259051501751E+00 0.183050543070E+00 0.000000000000E+00 0.324548333883E+00
0.000000000000E+00 0.000000000000E+00 0.000000000000E+00 0.000000000000E+00 0.000000000000E+00 0.000000000000E+00 0.174987800419E-01 0.744995102286E-01 0.155499264598E+00 0.000000000000E+00 0.337500005960E+00 0.159503176808E+00 0.000000000000E+00 0.197503656149E+00 0.304498285055E+00 0.000000000000E+00 0.283996582031E+00 0.486004650593E+00 0.236499026418E+00 0.427996814251E+00 0.187500000000E+00 0.300500482321E+00 0.000000000000E+00 0.223999023438E+00 0.439514145255E-01 0.000000000000E+00 0.424005120993E+00 0.000000000000E+00 0.129504397511E+00 0.000000000000E+00 0.000000000000E+00 0.267498791218E+00 0.000000000000E+00 0.135998532176E+00 0.000000000000E+00 0.211999505758E+00 0.572052001953E+00 0.000000000000E+00 0.294549554586E+00 0.000000000000E+00 0.238995358348E+00 0.502551257610E+00 0.000000000000E+00
0.000000000000E+00 0.000000000000E+00 0.000000000000E+00 0.000000000000E+00 0.000000000000E+00 0.000000000000E+00 0.000000000000E+00 0.925048813224E-01 0.165997311473E+00 0.173999026418E+00 0.342498779297E+00 0.181500241160E+00 0.265502929688E+00 0.000000000000E+00 0.000000000000E+00 0.000000000000E+00 0.000000000000E+00 0.000000000000E+00 0.274499505758E+00 0.449005126953E+00 0.000000000000E+00 0.516497790813E+00 0.355505377054E+00 0.152996823192E+00 0.109997555614E+00 0.221496582031E+00 0.373004138470E+00 0.207000732422E+00 0.000000000000E+00 0.000000000000E+00 0.229949951172E+00 0.000000000000E+00 0.166448980570E+00 0.000000000000E+00 0.360552966595E+00 0.000000000000E+00 0.609045386314E+00 0.631555199623E+00 0.436499029398E+00 0.000000000000E+00 0.000000000000E+00 0.444049060345E+00 0.000000000000E+00
0.000000000000E+00 0.000000000000E+00 0.000000000000E+00 0.000000000000E+00 0.000000000000E+00 0.000000000000E+00 0.000000000000E+00 0.000000000000E+00 0.000000000000E+00 0.000000000000E+00 0.388500988483E+00 0.000000000000E+00 0.000000000000E+00 0.251000970602E+00 0.256500244141E+00 0.000000000000E+00 0.000000000000E+00 0.647497534752E+00 0.000000000000E+00 0.614501953125E+00 0.253997802734E+00 0.383001714945E+00 0.496002197266E+00 0.000000000000E+00 0.126953125000E+00 0.000000000000E+00 0.441503912210E+00 0.237499997020E+00 0.959960967302E-01 0.474499523640E+00 0.000000000000E+00 0.207501217723E+00 0.650024414062E-02 0.195001214743E+00 0.242047116160E+00 0.123999021947E+00 0.766052246094E+00 0.000000000000E+00 0.000000000000E+00 0.503051757812E+00 0.401550292969E+00 0.000000000000E+00 0.000000000000E+00
0.000000000000E+00 0.000000000000E+00 0.000000000000E+00 0.000000000000E+00 0.000000000000E+00 0.000000000000E+00 0.000000000000E+00 0.000000000000E+00 0.104498289526E+00 0.188000485301E+00 0.259997546673E+00 0.000000000000E+00 0.000000000000E+00 0.000000000000E+00 0.000000000000E+00 0.000000000000E+00 0.000000000000E+00 0.000000000000E+00 0.000000000000E+00 0.688501000404E+00 0.000000000000E+00 0.400994867086E+00 0.000000000000E+00 0.000000000000E+00 0.208001703024E+00 0.000000000000E+00 0.000000000000E+00 0.310003668070E+00 0.000000000000E+00 0.000000000000E+00 0.300946056843E+00 0.213952630758E+00 0.000000000000E+00 0.227996826172E+00 0.184051513672E+00 0.000000000000E+00 0.692547619343E+00 0.277050793171E+00 0.000000000000E+00 0.397546380758E+00 0.000000000000E+00 0.000000000000E+00 0.000000000000E+00
