sim0/prepro/dtm_Kc.txt
north:     0
south:           0.00000000
east:      0
west:            0.00000000
rows:    246
cols:    130
[rows 162 to 179 of 246, columns 0 to 39 of 130]
-9999.0000000000000 -9999.0000000000000 -1.8893896284411703E-002 6.8093463218435717E-004 -1.6663900432052365E-002 1.5505530458531380E-002 -1.6602408744156447E-002 -2.6146876160903246E-004 2.1404450817272765E-002 -1.5017819378712121E-002 -1.1308985920180754E-003 1.6481524651677820E-002 -3.8878672402317474E-003 -1.2070656876741620E-003 7.8709593646008585E-003 -2.6311236486722386E-002 1.4074995843091964E-002 1.4101420849656531E-002 -1.8735628850718014E-002 6.8413192771031488E-003 -7.5960182517543886E-003 -1.2782495553388130E-002 -1.3418299393853004E-002 1.2706071629926116E-002 -3.0585696977099086E-003 2.0001423158359968E-002 -3.3336034693419732E-002 5.4011093609727605E-002 -2.8787976631145247E-002 8.9416136653905146E-003 -6.3931915406524218E-004 -1.0275100185191295E-002 9.3998771810125895E-003 -1.1434000583819248E-002 1.9887782576670593E-002 4.5744071961912247E-004 6.7939712746287557E-003 -1.3685075712330512E-003 4.6866129955721155E-004 5.3260681538424698E-003
-9999.0000000000000 -4.1056950518388348E-002 1.2386440989935505E-002 -1.1145737893678434E-002 -1.6069567273411918E-002 3.4682259358477241E-002 -1.0444721758507008E-002 4.0585347888504276E-003 -2.5661015226241205E-003 -2.3846165823221796E-003 3.9341348942972025E-002 -2.2353639433883035E-002 1.1195476955091301E-002 -3.2170700934787731E-004 -1.9543392238927329E-002 3.5639452283275485E-003 -8.1534016873772396E-003 3.1466182160709545E-002 -1.7795147670343976E-002 1.7979824255074734E-002 -2.3878041640751808E-002 -3.9483151687644729E-003 1.5608035041407417E-002 -2.6378222946143254E-002 3.0016079510076172E-003 1.4750067472229733E-002 -1.5091590891429709E-003 2.7240841304939804E-002 1.5601270091710841E-002 -3.1906208849972362E-002 3.6255777192423171E-002 -4.2308302888120861E-002 3.8100523129330974E-002 -2.2836022260239702E-002 4.8142304487900696E-002 -3.2484915926737579E-002 4.9284070446067071E-002 4.3539533672046927E-003 -3.6566530270939613E-003 2.4534747498317958E-003
-9999.0000000000000 3.5484306633707614E-002 1.0406985878156126E-002 -1.2426618505718813E-002 -2.6290535478192937E-002 1.8021115369892954E-002 2.0394201545955656E-002 -2.3836599002744655E-002 1.9752877778206852E-002 5.6346984707780138E-004 2.0157791654610922E-002 -5.1751094264714102E-002 2.2153426326947468E-003 1.8508965150528238E-002 -2.0699618629598245E-002 -1.6097719952168014E-002 -1.4152414088327235E-002 5.1895664481036080E-002 2.2522915041475234E-002 -8.3664248576886951E-003 -2.0267592782624189E-002 -1.2565710915929822E-002 1.9956775705282093E-002 -8.1807704698367220E-003 -2.9061866300354008E-002 1.8429766522149943E-003 -1.6267109265000027E-002 -1.2668181538917286E-002 3.4920549177600416E-002 -8.2943575987105608E-003 -3.2226204529217381E-003 -1.5128239884910662E-002 -4.8274609858308115E-003 -2.7681054711949003E-002 2.1625658087052239E-003 -1.1086998946352462E-002 1.0495131469303316E-002 1.7899806887103513E-002 3.6737167468922708E-004 2.2721001721570286E-003
-9999.0000000000000 0.10341156253199781 8.9567531931548136E-002 3.7684210872487079E-003 -7.4447657013842882E-003 -1.4209346422369572E-003 1.5386267302827243E-002 9.5778836930702910E-003 3.3423339426505508E-002 -1.0874570657302398E-002 2.5409111738769689E-002 -3.7315524277985755E-002 3.8003489383046644E-002 -4.6157647380966886E-002 4.8019625167212296E-002 -1.7784057170008159E-002 -2.7660494176835252E-002 -3.5404896280636963E-002 5.0306170333659479E-002 2.2130574049421457E-002 -2.4880435799491157E-002 1.3117294433731899E-002 -2.1177420459823342E-004 6.1193962202534700E-003 -5.5565568879778126E-003 2.6709629297772815E-002 -2.2144999897001545E-002 1.1287187681978283E-002 -6.2729288021613578E-003 2.1650811891875506E-002 1.8257125343483893E-002 1.4844753505393857E-002 -2.2086875916565100E-002 -2.1228309301568247E-002 2.5909676107367479E-002 -2.4607954867918717E-002 2.7599431066600330E-002 7.9219117086310742E-003 -2.1618954427553680E-003 8.6407443239948714E-003
-9999.0000000000000 2.9288478966706246E-004 2.8348738287573762E-002 5.1717386028325853E-002 8.8680249408935111E-002 7.3042128336384654E-002 1.5684552755457569E-002 -2.7260759463730518E-002 5.0287967119557686E-002 1.9548934041144547E-003 8.7210968387803362E-003 -2.1322442841290538E-002 1.3142940345800939E-002 -2.6227623006994140E-002 2.1278805541024813E-002 -2.4151630661824259E-002 -8.6799460461418378E-003 -2.6070045979663305E-002 -2.7111932555222682E-002 7.1265923770940334E-002 -2.7415457311561361E-002 4.8424252357054361E-003 1.4004085935706242E-003 -1.8535718733451317E-002 -8.9232273265718136E-003 2.0252994583163909E-002 -8.0677318298351570E-003 1.6443979030789039E-002 -3.3045501736965036E-002 -8.3086109960347782E-003 1.8730501816616237E-002 1.7446460404826915E-002 -2.4325867172060055E-002 -2.5412135119338181E-002 2.8390313637321765E-002 -4.0468964028792978E-002 3.3797361128858200E-002 2.7051883081051333E-003 -1.4289063544620423E-002 -6.9754218910806137E-003
-9999.0000000000000 -2.6002956639445615E-002 -5.4005395773204677E-003 -1.5271011870484375E-002 2.5054899946824652E-002 -9.5264389505751237E-003 4.5757531094232709E-002 3.7859302655214380E-002 5.9301591092217290E-002 -4.9542205773020480E-002 8.1779940742501556E-002 -3.4581370887984623E-002 3.3818421789807797E-002 -4.3731808036169946E-002 1.9961435597995555E-002 9.5683533028091943E-003 -1.9939048752032278E-002 3.3676152843483556E-003 -7.0604286489322895E-003 -1.9505504450977196E-002 0.11905838868440674 4.6197168532280689E-002 7.2106807278077972E-002 -2.8038733707889864E-003 -5.7233731163079407E-002 4.2159647165822309E-002 -1.3730253065353873E-002 1.8477752953663874E-002 7.8635078537562901E-003 2.7321302026385983E-003 7.7365046259132491E-003 -8.7630072689550229E-003 2.8486521199634660E-002 -1.4928525346271189E-002 3.9635733389927340E-002 -1.3885889321507529E-002 4.3036157683674935E-002 -4.8932505819921073E-003 5.7814620419166908E-003 9.6338458260146493E-003
-9999.0000000000000 -9999.0000000000000 3.0815087482875762E-002 -7.7161367642182323E-003 2.7554711383047981E-002 -2.0176406028483217E-002 1.0613171548791490E-003 2.9976744895086650E-003 7.7350345386632116E-002 4.0126501995553232E-003 -4.3744436089734676E-003 1.8634358554606933E-002 -4.2957849223403573E-003 -2.8403228055392273E-002 1.5901906920866380E-002 -1.2137839179290694E-002 1.8632784521972898E-002 -1.1151186725874779E-002 -1.3892662771961670E-002 -3.1521370249798148E-003 -0.16914576958639291 -1.1119638075314490E-002 3.6384380390745548E-002 2.7664655563044952E-003 -2.5328331760520441E-002 3.0994935152497409E-003 -3.0621074695811459E-002 2.4795320899311035E-002 1.8532792942155586E-003 2.8660781960334471E-002 -6.8127908725375518E-003 -2.2579865356283698E-002 5.8769506498236243E-003 2.7861938493422958E-002 2.9799437651869005E-002 -5.7434982410514535E-002 6.9076852002673099E-003 5.5376661488322435E-003 -3.8832005679505267E-002 6.4988443615716573E-003
-9999.0000000000000 -9999.0000000000000 -9999.0000000000000 -1.7602618343922828E-002 -1.4903039518079799E-002 -1.0016268601282194E-002 5.4594820546388798E-002 2.2767919121358636E-002 2.5463358925510576E-002 0.13682609152810402 0.40249276121834471 8.8069685498141960E-003 5.7483957640209107E-003 4.1065873973278270E-003 -9.4229418018813363E-003 4.7231210813525326E-003 -3.4616561715696392E-003 1.1703269447421892E-002 -1.1561155379120176E-002 3.7360983378803879E-003 -1.1901628491549035E-002 -9.0760460925491740E-002 -2.7157755378133891E-002 7.6473757313879953E-002 6.1087136357581409E-002 3.2285684514935936E-002 -6.0310382884616445E-002 1.5302210649496642E-002 -3.3966463175107653E-002 1.5984951859467664E-002 2.0244376788644592E-002 4.3004578277899309E-002 -3.9460645531151431E-002 4.6948872300580508E-002 1.3886905310988478E-002 -0.10350894850780104 3.8025149723917309E-002 -9.2697134796052034E-003 -2.6936124103787023E-002 -5.3840257173832914E-003
-9999.0000000000000 -9999.0000000000000 -9999.0000000000000 -9999.0000000000000 8.9395258473794655E-003 -1.9759885377679795E-002 -6.7669344210823787E-003 -3.4564004778893237E-002 -2.5992770138501233E-002 -2.2558996695776733E-002 -4.8783305521658285E-002 4.7540741381348887E-002 0.14286658508868169 8.1644393192413112E-003 -3.1610664591266817E-003 2.3803594090872609E-002 -1.5713546859445211E-002 2.9208791963434674E-002 -2.0972056693985216E-002 7.7597868788711567E-003 -1.3046962626514466E-002 -3.1930424961067005E-003 -5.3441354695921581E-002 -4.9231472032955789E-002 -1.4147015779041251E-002 8.9654756020209961E-002 1.9163541444115771E-002 -2.7319219374727675E-004 2.1269845267855667E-002 4.4379704325333190E-002 1.6899723484849423E-002 -4.6641080695908256E-002 2.2357438069193079E-002 4.4340313866846885E-002 6.9791320494372502E-003 -0.15838462888830745 2.7777876674178730E-002 5.3362236360013457E-002 -5.2903434648685493E-003 4.3778771919549611E-003
-9999.0000000000000 -9999.0000000000000 -9999.0000000000000 -9999.0000000000000 2.2427254731364199E-002 7.0071719558030456E-003 2.2820096208803427E-002 6.4635183104062594E-003 1.3996265987049067E-002 3.2100045396859268E-002 2.5524309152769733E-002 2.1076567716601293E-002 -1.0341615474687494E-002 7.5256536189288958E-002 0.34270994199610499 -1.2779485111243157E-003 1.3478766490824839E-002 2.8197571150061201E-002 -9.4807704273214659E-003 2.5042957379199011E-003 -2.3913479699143380E-002 -9.7594217076713945E-003 -3.6884574869018208E-002 4.0863936946696272E-003 -2.5558391174272513E-002 -4.6416971404137940E-002 3.8882689855328466E-002 -3.4695510321144912E-003 -4.6762848790471413E-002 1.4301817499854316E-002 1.0608947248333979E-002 3.7780991047856437E-003 7.5396219245212901E-003 1.4367729305024172E-002 6.5262472589311298E-003 -7.2628689827753001E-002 -6.8959474913144220E-002 1.8081414304887823E-003 -3.5480142173856644E-002 -1.2567027470554399E-002
-9999.0000000000000 -9999.0000000000000 -9999.0000000000000 -9999.0000000000000 -1.0038010110669647E-002 -1.7697024822362750E-002 1.0123128496542143E-002 -1.0882400689708638E-002 -1.8441092175149724E-002 -3.4997662083592904E-003 -3.1098691838645800E-002 -6.3539096303488283E-003 -2.3241899193212130E-002 -2.5727912721235483E-002 -5.9429849053893542E-002 6.4181979169513390E-002 1.0447301167824104E-002 -5.1413136181915967E-003 1.2473765107748343E-002 2.8950580705818723E-002 -3.5295350032201606E-002 4.4332238067622647E-003 -2.6749254745811624E-002 -2.0906417040311303E-002 2.1533895826874486E-002 -1.6738755602981305E-002 -5.3636656837843570E-002 5.8895145506826986E-002 1.6735624840244622E-003 4.1868288372554985E-003 6.5179291303955916E-002 9.6723127943999111E-003 -4.2436522694681081E-003 2.1607936053058565E-003 2.5029463822965600E-002 -6.7293908553014342E-002 1.7494744944760519E-002 3.8103230431952122E-002 -2.6704450626995804E-002 2.0032840450174751E-002
-9999.0000000000000 -9999.0000000000000 -9999.0000000000000 -9999.0000000000000 -2.7499474695297312E-002 7.7607954792422379E-003 2.0824367230132066E-002 -4.9684170235601052E-004 8.0103450933282205E-003 -9.3418158417511426E-003 -9.4547693541561905E-003 -1.9697412829045038E-003 -1.6264227894525564E-002 1.3836805765773300E-002 2.1248422078332614E-002 1.0528728153684508E-003 9.0859356519919110E-002 3.2790252699536490E-002 -5.3228559006671949E-003 2.3750964169263932E-002 -4.0929891302906585E-002 4.0622347567327152E-003 3.8180418431283544E-002 6.9535194642520948E-002 4.1466793164411014E-002 6.5668387546275672E-002 -1.2327955955267320E-002 -1.0666738807011892E-002 9.9471538327918808E-003 -3.6291141300973800E-002 1.0053790483656554E-002 6.1047007996090146E-003 -1.5734711571775317E-003 -2.0592575598268933E-003 1.8576863995277963E-002 -5.0431664512182589E-002 1.7884320151862112E-002 -4.8665266054778401E-003 -3.4607393034593835E-002 0.16794451534370783
-9999.0000000000000 -9999.0000000000000 -9999.0000000000000 -9999.0000000000000 5.5486809607703934E-002 5.6574239334270257E-003 2.5315629982585859E-002 -1.8455963990627492E-002 -1.0132056392835502E-003 1.6800861510204573E-002 1.6698610114887914E-002 8.0229921612307176E-003 1.2694781169013345E-002 -1.7411544432082125E-002 -6.2292631421405655E-003 -7.6263113847126662E-004 1.7655384059603769E-002 -2.0394256854200238E-002 0.11289654846876246 6.7770321735414654E-002 1.8633060386970070E-002 -3.8812888353716095E-002 7.5261147472702476E-004 -8.1319344933754201E-002 -5.5077663122273482E-002 1.4706194136627106E-002 -7.3623809776318286E-002 -3.3006648810161840E-002 -2.8207224123880367E-002 1.9802933821296831E-002 1.1886673077100904E-002 6.7231055832142825E-002 -2.3623766180048505E-002 6.6493642588701107E-003 1.5714331876623407E-002 -1.8014855351252031E-002 4.6396813846995531E-003 3.4978786375051543E-002 0.10782652050138863 -3.3037241170778053E-002
-9999.0000000000000 -9999.0000000000000 -9999.0000000000000 -9999.0000000000000 -9999.0000000000000 -1.1798081118441609E-002 1.9394695370604367E-002 -1.5440904930766951E-002 -7.4220162656284951E-004 3.1279168284867702E-002 -6.4847947910245301E-003 3.1544014360758758E-002 -6.3418993131016651E-003 6.1916296666251246E-003 -5.4332475838227484E-003 2.3301350993013170E-002 -4.4915129004339964E-002 -3.4835060756681538E-002 -4.8558734674354245E-002 9.0697530897683190E-002 -1.4923177214199767E-002 -7.9307025652575219E-002 -4.9171861596245037E-002 2.2849565772130008E-002 -2.1597988391173384E-002 4.3388840322419360E-002 1.0170032933038487E-003 -1.4123047213099064E-002 -4.6709359549969943E-002 -3.6473840663985252E-003 2.9357266178818078E-003 -3.9083338692591485E-004 1.2150868706079258E-002 -8.6892940612547064E-003 1.0282836548670920E-002 -5.1230075357766330E-002 -2.3865129289405564E-002 -1.7978854706193901E-002 3.6312568532805990E-002 -5.8306471823068126E-002
-9999.0000000000000 -9999.0000000000000 -9999.0000000000000 -9999.0000000000000 -9999.0000000000000 -9999.0000000000000 -7.7441606657930335E-003 -7.9702381733200139E-003 -8.8228447167395356E-003 5.1995773190113685E-004 -2.4215705861716889E-002 -2.2249128485774705E-002 -2.6051079027685737E-002 1.2667105663307641E-002 2.7035557606186759E-002 -1.1526435391689172E-002 1.5744723325141138E-002 1.2540519270873738E-002 1.5145383232582859E-002 0.12158767237714195 -1.4575150836949945E-002 -4.1481615016739783E-002 7.3982197616503223E-002 3.6370124815300865E-002 4.1153181781596014E-003 5.5216629954407226E-004 3.9383613748361190E-002 1.1432866696911534E-002 1.3710737273170062E-002 -7.2325445142431569E-002 2.3068802220991221E-002 2.3662925999566320E-002 -1.0576249638503054E-002 -8.2401532334856337E-003 1.7321234807907141E-004 7.6014568535573883E-003 4.5535800203651512E-003 0.39053586299710163 1.3922966979840894E-002 0.17060715900049955
-9999.0000000000000 -9999.0000000000000 -9999.0000000000000 -9999.0000000000000 -9999.0000000000000 -9999.0000000000000 -9999.0000000000000 -1.7104494450551191E-002 -7.8155921151135763E-003 2.0727454574536201E-003 -1.1280365410593140E-002 3.2726515927393389E-002 1.3764992435713767E-002 2.0664973269149386E-002 3.6665393159199108E-003 8.1530495075311186E-003 -3.2658964873662349E-003 7.0506387529452085E-003 1.5080054660270275E-002 7.1654668868144464E-002 -5.4838150329104322E-002 3.2469759273080934E-002 -3.7247102364818867E-002 1.7231954473783815E-002 3.6465277441087365E-002 2.7524244353771272E-002 -9.0438687142232275E-003 6.8488133436954944E-003 1.9461785368910793E-002 8.5884423917270414E-003 1.9066972112632488E-003 4.7058146548470134E-003 9.3043340915080583E-004 -4.6221193922777459E-002 1.0347580408203761E-002 -3.1393027010920622E-002 0.10425314438712452 -9.7138139747645173E-003 -6.8994129003431860E-003 -4.2098667526202288E-003
-9999.0000000000000 -9999.0000000000000 -9999.0000000000000 -9999.0000000000000 -9999.0000000000000 -9999.0000000000000 -9999.0000000000000 -9999.0000000000000 -9999.0000000000000 -2.3392658671558122E-002 -1.2053595754981010E-002 1.4705189027440398E-002 -2.1151246077940958E-002 2.5279813332422744E-002 -1.2870739172018766E-002 -1.0442256011514484E-002 1.5840145892896775E-003 3.9001933410388206E-003 -1.2274854095376498E-002 -3.2560869374125397E-002 4.6659406343741924E-002 1.0000412535308277E-002 -0.13755339591151591 1.9476934015711954E-002 2.3824150835417557E-003 2.5772221151518625E-002 2.8543208887926472E-002 1.0617974312029465E-002 -1.4026708960921910E-002 4.3676756040313167E-002 -1.2370945506528260E-002 2.4439172346053813E-002 1.9036952396742823E-003 -2.0813520496256628E-002 1.3081954894470574E-002 1.3914822823442804E-003 2.3918441159599926E-002 -5.8609809596446363E-002 -5.4470839064932948E-002 -4.9763890244990706E-002
-9999.0000000000000 -9999.0000000000000 -9999.0000000000000 -9999.0000000000000 -9999.0000000000000 -9999.0000000000000 -9999.0000000000000 -9999.0000000000000 -9999.0000000000000 -5.4715935593761734E-002 -1.1761736466413736E-002 -1.6554880413214835E-002 -2.3171739956511707E-002 8.3284753226877152E-003 -3.9662458450818470E-002 -1.7710806030374854E-002 -1.1480711744772991E-002 -1.2140463921617952E-004 3.0059013523024867E-003 4.9422806900469647E-004 0.11366205524847191 2.4913413733133865E-002 -8.1047860222147244E-002 -3.1700660714938156E-002 -1.4294159614368586E-003 -1.0711158185087151E-003 2.1571777087379347E-002 3.3680060430548761E-002 2.0055888685347602E-002 3.0022332679646656E-003 4.3462752382210611E-002 2.4997756725757578E-002 2.8903522865068306E-002 8.3649409442952440E-003 3.8557264986601378E-002 0.11022302548437493 -2.0949133190108302E-003 5.5257986786045633E-004 1.2905957572298897E-002 -2.6821865194251657E-002
